"Path","Platform","Compiled","Cooked","Permutations","Compiletime","CompiledDouble","CookedDouble"
"Globals","0","4800","0","1","0.000000","0","0"
"/ControlRig/Controls/ControlRigGizmoMaterial.ControlRigGizmoMaterial","0","5","1","1","10.472920","0","19"
"","0","1","0","1","0.000000","21","0"
"/Game/BP/cupboard/Materials/Green_Light_Emissive.Green_Light_Emissive","0","16","4","1","198.003571","0","49"
"/Game/cupboard/Materials/Red_Light_Emissive.Red_Light_Emissive","0","16","4","1","0.000000","0","49"
"/Game/BP/cupboard/Materials/Indicator_Emission.Indicator_Emission","0","16","4","1","0.000000","0","49"
"/Game/VRE/Grippables/Misc/Examples/Button/Green.Green","0","16","7","1","0.000000","0","42"
"/Game/BP/cupboard/Materials/Orange_Light_Emissive.Orange_Light_Emissive","0","16","16","1","0.000000","0","26"
"/Engine/EngineDebugMaterials/DebugEditorMaterial.DebugEditorMaterial","0","8","9","1","17.964424","0","10"
"/Game/GDXR_VR_Template/DemoContent/LevelPrototyping/Materials/M_PrototypeGrid.M_PrototypeGrid","0","56","12","2","763.304993","0","360"
"/Game/Materials/fency/Fency/Fencing_Net/Fencing_Net-opacity_Mat.Fencing_Net-opacity_Mat","0","47","34","1","418.113403","0","140"
"/Engine/EditorMaterials/PhAT_NoCollisionMaterial.PhAT_NoCollisionMaterial","0","6","1","1","11.789466","0","26"
"/Engine/EditorMaterials/PhAT_UnselectedMaterial.PhAT_UnselectedMaterial","0","6","1","1","13.045424","0","26"
"/MeshModelingToolset/Materials/M_DynamicMeshComponentVtxColor.M_DynamicMeshComponentVtxColor","0","20","2","1","201.219055","0","223"
"/Engine/EngineMaterials/GizmoMaterial.GizmoMaterial","0","8","2","1","14.652185","0","24"
"/Engine/EngineDebugMaterials/DebugMeshMaterial.DebugMeshMaterial","0","8","8","1","13.770983","0","14"
"/Engine/EngineMaterials/RemoveSurfaceMaterial.RemoveSurfaceMaterial","0","5","2","1","11.065770","0","17"
"/Interchange/Materials/UnlitMaterial.UnlitMaterial","0","5","2","1","0.000000","0","17"
"/Engine/EngineMaterials/NaniteHiddenSectionMaterial.NaniteHiddenSectionMaterial","0","29","1","1","222.250198","0","434"
"/ControlRig/Controls/ControlRigXRayMaterial.ControlRigXRayMaterial","0","11","4","1","19.948582","0","32"
"/Engine/EngineDebugMaterials/M_SimpleUnlitTranslucent.M_SimpleUnlitTranslucent","0","6","3","1","0.000000","0","17"
"/Interchange/Materials/ClearCoatMaterial_MR.ClearCoatMaterial_MR","0","16","4","1","208.365280","0","103"
"/Game/BP/cupboard/Materials/Material_009.Material_009","0","16","2","1","226.038055","0","120"
"/Engine/EditorMaterials/Camera/CineMat.CineMat","0","32","4","1","388.490387","0","264"
"/Engine/EditorLandscapeResources/SplineEditorMeshMat.SplineEditorMeshMat","0","16","2","1","39.434204","0","165"
"/Game/BP/cupboard/Props/meter-regulator1.meter-regulator1","0","16","2","1","196.445190","0","131"
"/Game/UltraDynamicSky/Materials/Ultra_Dynamic_Sky_Mat.Ultra_Dynamic_Sky_Mat","0","170","107","34","1930.236084","530","2035"
"/Engine/EngineMaterials/Widget3DPassThrough.Widget3DPassThrough","0","63","26","6","120.588257","0","335"
"/Game/GDXR_VR_Template/Materials/WidgetMaterials/M_Widget3DPassThrough.M_Widget3DPassThrough","0","6","1","1","0.000000","0","24"
"/OpenXR/Devices/M_XRController.M_XRController","0","48","7","3","597.360352","0","306"
"/Game/cupboard/RAS/Material_007.Material_007","0","16","2","1","189.729309","0","98"
"/Game/cupboard/RAS/Material_004.Material_004","0","16","2","1","0.000000","0","83"
"/Game/cupboard/RAS/Material.Material","0","16","2","1","0.000000","0","83"
"/Game/cupboard/RAS/Material_008.Material_008","0","16","2","1","0.000000","0","83"
"/Game/StaticObject/02_08_3_4_Block/02_08/Isolator_Porcelain_Gray.Isolator_Porcelain_Gray","0","16","2","1","0.000000","0","98"
"/Game/OP_Dop/KRUN/Materials/GREEN.GREEN","0","16","2","1","0.000000","0","83"
"/Game/OP_Dop/KRUN/Materials/WHITE.WHITE","0","16","2","1","0.000000","0","83"
"/Game/OP_Dop/KRUN/Materials/RED.RED","0","16","2","1","0.000000","0","83"
"/Game/MyContent/Dynamic/3/3_1/RAL_9003.RAL_9003","0","16","2","1","0.000000","0","83"
"/Game/BP/cupboard/Materials/Material_001.Material_001","0","16","2","1","0.000000","0","83"
"/Game/BP/cupboard/Materials/Material_010.Material_010","0","16","2","1","0.000000","0","98"
"/Game/StaticObject/19_IronConcrete/Concrete_Area.Concrete_Area","0","16","2","1","0.000000","0","83"
"/Game/BP/cupboard/Materials/Display.Display","0","16","2","1","0.000000","0","89"
"/Game/BP/cupboard/Materials/Material_007.Material_007","0","16","2","1","0.000000","0","83"
"/Game/BP/cupboard/Materials/Material_014.Material_014","0","16","2","1","0.000000","0","83"
"/Game/StaticObject/19_IronConcrete/Concrete_Foundation.Concrete_Foundation","0","16","2","1","0.000000","0","83"
"/Game/cupboard/ZRU_Cell_DOOR/M_White_002.M_White_002","0","16","2","1","0.000000","0","83"
"/Game/cupboard/RAL_9003.RAL_9003","0","16","2","1","0.000000","0","83"
"/Game/BP/Door1264/Color.Color","0","16","2","1","0.000000","0","83"
"/Game/BP/Door1264/Clear_Metal.Clear_Metal","0","16","2","1","0.000000","0","83"
"/Game/BP/Door1264/RAL_9011.RAL_9011","0","16","2","1","0.000000","0","83"
"/Game/OP_Dop/BP/ZRU_BUTTON/M_Black.M_Black","0","16","2","1","0.000000","0","83"
"/Game/StaticObject/VoltIndicator/Blue_Indicator.Blue_Indicator","0","16","2","1","0.000000","0","83"
"/Game/StaticObject/ScenarioObject/Camera/Material_001.Material_001","0","16","2","1","0.000000","0","83"
"/Game/StaticObject/ScenarioObject/Camera/Material_006.Material_006","0","16","2","1","0.000000","0","91"
"/Game/StaticObject/ScenarioObject/Camera/Material_002.Material_002","0","16","2","1","0.000000","0","83"
"/Game/BP/cupboard/Materials/Green_Light.Green_Light","0","16","2","1","0.000000","0","83"
"/Game/BP/cupboard/Materials/Indicator.Indicator","0","16","2","1","0.000000","0","83"
"/Game/BP/cupboard/Materials/RAL_9012.RAL_9012","0","16","2","1","0.000000","0","83"
"/Game/StaticObject/ScenarioObject/Camera/Material.Material","0","16","2","1","0.000000","0","83"
"/Game/StaticObject/ScenarioObject/Camera/Material_005.Material_005","0","16","2","1","0.000000","0","83"
"/Game/StaticObject/ScenarioObject/Camera/Material_003.Material_003","0","16","2","1","0.000000","0","83"
"/Game/StaticObject/ScenarioObject/Camera/Material_004.Material_004","0","16","2","1","0.000000","0","93"
"/Game/BP/All_key/RAL_7036.RAL_7036","0","16","2","1","0.000000","0","83"
"/Game/BP/cupboard/Props/Stainless_Steel.Stainless_Steel","0","16","2","1","0.000000","0","91"
"/Game/BP/cupboard/Materials/Rubber.Rubber","0","16","2","1","0.000000","0","83"
"/Game/OP_Dop/BP/Materials/M_Botton.M_Botton","0","16","2","1","0.000000","0","89"
"/Game/cupboard/Materials/RAL_9011.RAL_9011","0","16","2","1","0.000000","0","83"
"/Game/BP/cupboard/Props/Isolated_Cable.Isolated_Cable","0","16","2","1","0.000000","0","87"
"/Game/StaticObject/17_fence/RAL_9011.RAL_9011","0","16","2","1","0.000000","0","91"
"/Game/StaticObject/19_IronConcrete/RAL_7036.RAL_7036","0","16","2","1","0.000000","0","83"
"/Game/StaticObject/17_fence/Rubber.Rubber","0","16","2","1","0.000000","0","83"
"/Game/VRE/Level/Car/VehicleBP/Sedan/Yellow.Yellow","0","16","2","1","0.000000","0","83"
"/Game/BP/Not_Include/Material_003.Material_003","0","16","2","1","0.000000","0","83"
"/Game/cupboard/Materials/RAL_9003.RAL_9003","0","16","2","1","0.000000","0","83"
"/Game/BP/All_key/TextPlace_Birka.TextPlace_Birka","0","16","2","1","0.000000","0","83"
"/Game/BP/All_key/Plastic.Plastic","0","16","2","1","0.000000","0","83"
"/Game/BP/cupboard/Props/Rubber.Rubber","0","16","2","1","0.000000","0","83"
"/Game/StaticObject/DopObject/Poster_is_grounded/Material_002.Material_002","0","16","2","1","0.000000","0","83"
"/Game/StaticObject/DopObject/Poster_is_grounded/Material.Material","0","16","2","1","0.000000","0","83"
"/Engine/VREditor/TransformGizmo/Xray.Xray","0","16","2","1","0.000000","0","83"
"/Game/OP_Dop/BP/Materials/M_White.M_White","0","16","2","1","0.000000","0","83"
"/Game/OP_Dop/BP/Materials/M_Black.M_Black","0","16","2","1","0.000000","0","83"
"/Game/cupboard/Materials/Red_Light.Red_Light","0","16","2","1","0.000000","0","83"
"/Game/StaticObject/01_transformer/RAL_3020.RAL_3020","0","16","1","1","0.000000","0","93"
"/Game/cupboard/Materials/Plastic.Plastic","0","16","2","1","0.000000","0","83"
"/Game/StaticObject/DopObject/BlockKey/Material.Material","0","16","2","1","0.000000","0","83"
"/Game/StaticObject/Cupboard/1-6Y/RAL_9003.RAL_9003","0","16","2","1","0.000000","0","83"
"/Game/OP_Dop/BP/ZRU_SWITCH/New/M_VMetr_PZ195U_BODY.M_VMetr_PZ195U_BODY","0","16","1","1","0.000000","0","85"
"/Game/BP/All_key/Stainless_Steel.Stainless_Steel","0","16","2","1","0.000000","0","83"
"/Game/OP_Dop/BP/Materials/M_Body.M_Body","0","16","2","1","0.000000","0","83"
"/Game/VRE/Grippables/Misc/Examples/Microphone/black_mate_plastic.black_mate_plastic","0","16","2","1","0.000000","0","83"
"/Game/StaticObject/17_fence/RAL_9003.RAL_9003","0","16","2","1","0.000000","0","83"
"/Game/cupboard/ZRU_1000/M_RED_002.M_RED_002","0","16","2","1","0.000000","0","83"
"/Game/BP/cupboard/Materials/Orange_Light.Orange_Light","0","16","2","1","0.000000","0","93"
"/Game/StaticObject/01_Transformator/?????_?_????_?????????.?????_?_????_?????????","0","16","2","1","0.000000","0","83"
"/Game/StaticObject/01_Transformator/???_?_????_?????????.???_?_????_?????????","0","16","2","1","0.000000","0","83"
"/Engine/VREditor/TransformGizmo/Main.Main","0","6","2","1","12.066123","0","17"
"/Engine/VREditor/TransformGizmo/TranslucentTransformGizmoMaterial.TranslucentTransformGizmoMaterial","0","6","4","1","11.964956","0","17"
"/Game/UltraDynamicSky/Materials/Volumetric_Clouds.Volumetric_Clouds","0","284","25","4","15769.238281","852","10564"
"/Engine/EngineMaterials/DefaultLightFunctionMaterial.DefaultLightFunctionMaterial","0","20","1","1","24.013914","0","214"
"/Game/OP_Dop/BP/Materials/M_Black_2.M_Black_2","0","16","3","1","195.830383","0","103"
"/Game/UltraDynamicSky/Materials/Weather/WOV_Target_Brush.WOV_Target_Brush","0","6","1","1","11.648979","0","26"
"/Game/GDXR_VR_Template/DemoContent/ControlRig/Characters/Mannequins/Materials/M_Mannequin.M_Mannequin","0","60","10","2","908.966980","0","321"
"/Game/StarterContent/Materials/M_Glass.M_Glass","0","36","7","1","100.474777","0","364"
"/Game/OP_Dop/BP/Materials/Light_emessive.Light_emessive","0","16","2","1","214.277649","0","86"
"/Game/GDXR_VR_Template/Materials/GridMaterials/M_GridRotation.M_GridRotation","0","28","4","1","399.228119","0","225"
"/Game/UltraDynamicSky/Materials/Space/Space_Planet_Mat.Space_Planet_Mat","0","264","26","8","2095.136230","0","2861"
"/Engine/VREditor/SnapGrid/SnapGridMaterial.SnapGridMaterial","0","16","1","1","40.272079","0","136"
"/Interchange/gltf/M_Default.M_Default","0","143","23","6","1678.051514","0","1554"
"/Interchange/gltf/M_ClearCoat.M_ClearCoat","0","143","23","6","1785.557861","0","1474"
"/Interchange/gltf/M_Sheen.M_Sheen","0","143","34","6","1665.482422","0","1037"
"/Game/Materials/NonMetal/Isolator_Porcelain_White.Isolator_Porcelain_White","0","28","1","1","355.289673","0","277"
"/Engine/BasicShapes/BasicShapeMaterial.BasicShapeMaterial","0","84","21","1","730.252991","0","1494"
"/Interchange/gltf/M_Unlit.M_Unlit","0","63","29","6","128.412094","0","402"
"/Game/OP_Dop/BP/Materials/Stainless_Steel.Stainless_Steel","0","28","1","1","421.134552","0","260"
"/Game/Materials/NonMetal/Ground_Gravel.Ground_Gravel","0","28","5","1","366.547058","0","313"
"/Game/GDXR_VR_Template/Materials/SolidColours/M_ScreenFade.M_ScreenFade","0","12","5","1","13.870938","0","53"
"/Game/GDXR_VR_Template/Materials/M_VRCursor.M_VRCursor","0","5","2","1","10.050020","0","17"
"/Game/GDXR_VR_Template/Materials/M_HolsetMaterial.M_HolsetMaterial","0","9","3","1","19.603264","0","48"
"/Game/UltraDynamicSky/Materials/Weather/Lightning_Rainfall_Particle.Lightning_Rainfall_Particle","0","22","5","1","202.949951","44","486"
"/Interchange/gltf/M_SpecularGlossiness.M_SpecularGlossiness","0","143","21","6","1698.556152","0","1662"
"/Game/Materials/Plastic/GrayPlastic.GrayPlastic","0","22","1","1","360.940948","0","129"
"/Interchange/gltf/M_Transmission.M_Transmission","0","50","5","2","899.970154","0","519"
"/Game/Materials/RalMats/RAL_2011.RAL_2011","0","16","2","1","215.362823","0","141"
"/Game/Materials/RalMats/RAL_2008.RAL_2008","0","16","2","1","0.000000","0","141"
"/Game/Materials/Plastic/OrangePlastic.OrangePlastic","0","22","5","1","355.429260","0","192"
"/Game/Materials/NonMetal/Road_Slab_1.Road_Slab_1","0","28","1","1","383.829010","0","198"
"/Game/Materials/RalMats/RAL_1021.RAL_1021","0","28","4","1","165.182739","0","299"
"/Game/Materials/RalMats/RAL_6024.RAL_6024","0","28","4","1","0.000000","0","296"
"/Game/Materials/RalMats/RAL_9011.RAL_9011","0","28","4","1","0.000000","0","276"
"/Game/Materials/RalMats/RAL_7036.RAL_7036","0","40","5","1","589.387634","0","518"
"/Game/Materials/Plastic/BlackPlastic.BlackPlastic","0","16","3","1","190.684448","0","59"
"/Game/Materials/NonMetal/Isolator_Glass.Isolator_Glass","0","22","4","1","336.492828","0","201"
"/Game/StaticObject/DopObject/Interior/Phone/Cisco_Phone_CP_6941_red.Cisco_Phone_CP_6941_red","0","28","16","1","204.199783","0","119"
"/AnimationSharing/AnimSharingBase.AnimSharingBase","0","28","16","1","0.000000","0","119"
"/Game/cupboard/ZRU_1000/RAL_9003_001.RAL_9003_001","0","28","16","1","0.000000","0","119"
"/Game/Animation/VL110/Cable_Ice.Cable_Ice","0","28","16","1","0.000000","0","119"
"/Game/MyContent/Dynamic/Mech/Stainless_Steel.Stainless_Steel","0","28","16","1","0.000000","0","119"
"/Game/Materials/NonMetal/Concrete_Foundation.Concrete_Foundation","0","28","1","1","361.011963","0","243"
"/Game/StaticObject/18_Cable/Isolated_Cable.Isolated_Cable","0","28","16","1","146.669220","0","222"
"/Game/GDXR_VR_Template/Materials/WidgetMaterials/M_GazeSpinner.M_GazeSpinner","0","12","2","1","16.766117","0","55"
"/Game/UltraDynamicSky/Materials/Weather/LightningFlare_ParticleMat.LightningFlare_ParticleMat","0","22","5","1","206.407135","44","752"
"/Game/Materials/Plastic/GreenPoint.GreenPoint","0","31","1","1","219.393860","0","551"
"/SpeedTreeImporter/SpeedTree9/SpeedTreeBillboardMaster.SpeedTreeBillboardMaster","0","62","4","1","570.221191","0","1540"
"/Game/Materials/NonMetal/Concrete_Area_snow.Concrete_Area_snow","0","28","2","1","376.492401","0","239"
"/Game/VRE/Grippables/Weapons/Misc/Slicer/01_-_Defaultg.01_-_Defaultg","0","16","1","1","199.371918","0","95"
"/Game/cupboard/RAS/Material_006.Material_006","0","19","2","1","218.441025","0","147"
"/Game/UltraDynamicSky/Materials/Weather/Radial_Storm_Cloud_Draw.Radial_Storm_Cloud_Draw","0","12","5","2","27.150574","0","42"
"/Game/StaticObject/VL110/NewFolder/Cable_Ice.Cable_Ice","0","28","1","1","413.018005","0","225"
"/Game/GDXR_VR_Template/Materials/M_DefaultRibbonMaterial_NoGradient.M_DefaultRibbonMaterial_NoGradient","0","24","2","1","58.711452","0","306"
"/Engine/VREditor/Devices/Generic/GenericHMDMaterial.GenericHMDMaterial","0","16","1","1","195.364304","0","133"
"/Interchange/Materials/PBRSurfaceMaterial_MR.PBRSurfaceMaterial_MR","0","16","1","1","205.600662","0","90"
"/Game/VR_Inventorys/VRTemplate/Materials/M_DefaultRibbonMaterial_NoGradient.M_DefaultRibbonMaterial_NoGradient","0","24","6","1","52.298691","0","143"
"/Game/UltraDynamicSky/Materials/Weather/Dust_ParticleMat.Dust_ParticleMat","0","24","2","2","131.884949","48","307"
"/Game/BP/cupboard/Materials/Lable_Material.Lable_Material","0","16","5","1","202.830170","0","81"
"/Game/Materials/Cable/GophraCable.GophraCable","0","16","6","1","202.665161","0","56"
"/Game/cupboard/Materials/Lable_Material.Lable_Material","0","16","3","1","201.171051","0","88"
"/Game/VRTemplate/Materials/M_Projectile.M_Projectile","0","16","2","1","208.073608","0","75"
"/Game/Materials/RalMats/RAL_3020.RAL_3020","0","40","28","1","201.363297","0","393"
"/Game/Materials/RalMats/RAL_9003.RAL_9003","0","40","28","1","0.000000","0","393"
"/Game/VRE/Grippables/Misc/Examples/Door/defaultMat.defaultMat","0","16","3","1","196.942307","0","78"
"/Game/UltraDynamicSky/Materials/Weather/Brush_Visualize_Wireframe.Brush_Visualize_Wireframe","0","9","2","1","24.718559","0","40"
"/Game/VRE/Misc/Meshes/CubeMaterial.CubeMaterial","0","28","1","1","335.672089","0","367"
"/Engine/VREditor/BasicMeshes/M_Floor_01.M_Floor_01","0","28","3","1","339.892090","0","347"
"/Game/GDXR_VR_Template/Materials/SolidColours/M_SolidColourMaster.M_SolidColourMaster","0","28","2","1","210.397552","0","257"
"/Game/Materials/NonMetal/Road_Slab.Road_Slab","0","28","1","1","381.781891","0","171"
"/Game/GDXR_VR_Template/Materials/SolidColours/M_Metal.M_Metal","0","28","2","1","0.000000","0","257"
"/Game/GDXR_VR_Template/Materials/M_SimpleSkyMaterial.M_SimpleSkyMaterial","0","5","2","1","11.743491","0","17"
"/Game/GDXR_VR_Template/Materials/SolidColours/M_Red.M_Red","0","5","5","1","10.775479","0","7"
"/Game/UltraDynamicSky/Materials/VolumetricCloud_LightRay.VolumetricCloud_LightRay","0","22","5","1","183.184509","22","486"
"/Game/UltraDynamicSky/Materials/Material_Instances/Water_Caustics_LightFunction.Water_Caustics_LightFunction","0","20","2","1","27.774765","0","127"
"/Game/GDXR_VR_Template/DemoContent/ExampleContent/Materials/M_ShinyPlastic.M_ShinyPlastic","0","68","4","1","515.644836","0","1297"
"/Game/GDXR_VR_Template/Materials/NewMaterial.NewMaterial","0","5","5","1","11.797268","0","9"
"/Game/UltraDynamicSky/Materials/Weather/Heat_Distortion.Heat_Distortion","0","6","2","1","11.804721","0","17"
"/Interchange/Materials/SubsurfaceMaterial_MR.SubsurfaceMaterial_MR","0","16","5","1","246.299545","0","66"
"/Game/GDXR_VR_Template/DemoContent/ExampleContent/Materials/M_Metal.M_Metal","0","56","3","1","418.161133","0","1438"
"/Game/UltraDynamicSky/Materials/Weather/Splash_ParticleMat_Translucent.Splash_ParticleMat_Translucent","0","56","5","1","195.526138","0","777"
"/Game/GDXR_VR_Template/DemoContent/ExampleContent/Materials/M_Metal_Lighter.M_Metal_Lighter","0","40","2","1","329.906738","0","711"
"/Game/UltraDynamicSky/Materials/Weather/Rainbow_Mat.Rainbow_Mat","0","22","8","2","96.820724","22","155"
"/Game/GDXR_VR_Template/Materials/ParticleMaterials/M_MuzzleFlash.M_MuzzleFlash","0","15","8","1","34.191021","0","78"
"/DatasmithContent/Materials/FBXImporter/VRED/MetallicCarpaint.MetallicCarpaint","0","16","6","1","217.502716","0","61"
"/Game/UltraDynamicSky/Materials/2D_Cloud_Shadows.2D_Cloud_Shadows","0","40","13","2","65.531960","0","190"
"/Game/UltraDynamicSky/Materials/Material_Functions/UDS_Basic_LightFunction.UDS_Basic_LightFunction","0","20","3","1","24.561485","0","158"
"/Interchange/Materials/ClearCoatMaterial_SG.ClearCoatMaterial_SG","0","16","5","1","208.971985","0","137"
"/Engine/EngineMaterials/FlattenMaterial_WS_Normal_VT.FlattenMaterial_WS_Normal_VT","0","40","1","1","577.221008","0","315"
"/Game/UltraDynamicSky/Materials/Weather/Screen_Droplets.Screen_Droplets","0","6","6","1","23.810368","12","39"
"/Game/GDXR_VR_Template/Materials/M_GrabFromDistance.M_GrabFromDistance","0","22","1","1","208.379288","0","262"
"/Game/UltraDynamicSky/Materials/Weather/Splash_Droplet_Particle.Splash_Droplet_Particle","0","50","1","1","168.475021","0","1222"
"/Interchange/Materials/PBRSurfaceMaterial_SG.PBRSurfaceMaterial_SG","0","16","3","1","211.249741","0","68"
"/Engine/EngineMaterials/FlattenMaterial.FlattenMaterial","0","40","1","1","564.348450","0","657"
"/Engine/EngineMaterials/FlattenMaterial_VT.FlattenMaterial_VT","0","40","1","1","0.000000","0","672"
"/Game/UltraDynamicSky/Materials/Weather/DLWE_Brush.DLWE_Brush","0","18","9","3","36.925697","0","45"
"/Engine/EngineMaterials/M_InvalidLightmapSettings.M_InvalidLightmapSettings","0","32","2","1","409.976135","0","294"
"/Engine/EngineMaterials/EmissiveMeshMaterial.EmissiveMeshMaterial","0","8","3","1","15.752405","0","22"
"/ControlRig/M_Manip.M_Manip","0","11","2","1","21.768335","0","53"
"/Paper2D/DefaultSpriteMaterial.DefaultSpriteMaterial","0","52","11","2","140.650635","0","725"
"/Engine/EngineMaterials/PhAT_JointLimitMaterial.PhAT_JointLimitMaterial","0","11","1","1","25.778271","0","84"
"/Interchange/Materials/SubsurfaceMaterial_SG.SubsurfaceMaterial_SG","0","16","7","1","239.111420","0","79"
"/Engine/VREditor/TransformGizmo/TransformGizmoMaterial.TransformGizmoMaterial","0","5","2","1","11.750007","0","17"
"/Engine/EngineDebugMaterials/M_VolumeRenderSphereTracePP.M_VolumeRenderSphereTracePP","0","6","6","1","11.028515","0","10"
"/Game/GDXR_VR_Template/Materials/WidgetMaterials/M_Widget3DPassThroughDisabledDepth.M_Widget3DPassThroughDisabledDepth","0","6","6","1","13.970843","0","9"
"/Game/StaticObject/Gloves/glove_DefaultMaterial_BaseColor_Mat.glove_DefaultMaterial_BaseColor_Mat","0","19","4","1","227.727127","0","75"
"/Engine/EngineMaterials/DefaultPostProcessMaterial.DefaultPostProcessMaterial","0","8","3","1","18.800220","0","23"
"/Interchange/Materials/SheenMaterial_SG.SheenMaterial_SG","0","16","3","1","204.850571","0","64"
"/Game/Materials/POM_Materials/Grass.Grass","0","28","2","1","463.607697","28","276"
"/Interchange/Materials/ThinTranslucentMaterial_SG.ThinTranslucentMaterial_SG","0","22","1","1","341.394928","0","274"
"/Engine/EngineMaterials/DefaultDeferredDecalMaterial.DefaultDeferredDecalMaterial","0","102","1","1","835.191284","0","3572"
"/Game/UltraDynamicSky/Materials/Weather/Splash_Droplet_Particle_Translucent.Splash_Droplet_Particle_Translucent","0","44","6","1","145.098282","0","399"
"/Game/UltraDynamicSky/Materials/Weather/Post_Process_Wind_Fog.Post_Process_Wind_Fog","0","6","1","1","24.037903","18","68"
"/Game/GDXR_VR_Template/Materials/M_TeleportNoise.M_TeleportNoise","0","17","1","1","43.048737","0","147"
"/SpeedTreeImporter/SpeedTree9/SpeedTreeMaster.SpeedTreeMaster","0","94","5","1","1023.841492","0","1618"
"/Game/GDXR_VR_Template/VRSpectator/Material.Material","0","5","5","1","10.962670","0","8"
"/Interchange/Materials/ThinTranslucentMaterial_MR.ThinTranslucentMaterial_MR","0","22","2","1","374.588593","0","123"
"/Engine/EngineMaterials/DefaultMaterial.DefaultMaterial","0","155","6","1","2193.804932","0","4392"
"/Game/UltraDynamicSky/Materials/Weather/Splash_ParticleMat.Splash_ParticleMat","0","62","3","1","197.159409","0","1749"
"/Game/VR_Inventorys/Slot_Materials/M_HLA_InventorySlot.M_HLA_InventorySlot","0","44","6","1","379.076569","0","966"
"/Game/VR_Inventorys/Slot_Materials/M_HLA_InventorySlotRed.M_HLA_InventorySlotRed","0","44","6","1","0.000000","0","966"
"/Game/UltraDynamicSky/Materials/Weather/Lightning_Light_Rays_Card.Lightning_Light_Rays_Card","0","12","5","1","28.234596","0","75"
"/Game/GDXR_VR_Template/Materials/M_TeleportCylinder.M_TeleportCylinder","0","23","6","1","47.860798","0","76"
"/Interchange/Materials/SheenMaterial_MR.SheenMaterial_MR","0","16","4","1","171.040771","0","51"
"/Game/StaticObject/18_Cable/profiled_sheet.profiled_sheet","0","28","2","1","334.379517","0","296"
"/Game/GDXR_VR_Template/DemoContent/FPWeapon/Materials/M_FPGun.M_FPGun","0","72","1","1","598.136292","0","1388"
"/Game/OP_Dop/KRUN/Materials/??????_VF12_600x1000??_Mat.??????_VF12_600x1000??_Mat","0","22","2","1","195.666061","0","89"
"/Game/Materials/NonMetal/Road_Slab_1_snow.Road_Slab_1_snow","0","28","4","1","376.926392","0","239"
"/Game/UltraDynamicSky/Materials/Global_Volumetric_Fog.Global_Volumetric_Fog","0","108","11","2","2684.661621","324","4031"
"/Game/Materials/NonMetal/Ground_Gravel_snow.Ground_Gravel_snow","0","28","5","1","385.845978","0","147"
"/Game/UltraDynamicSky/Materials/Cloud_Fog_PostProcess.Cloud_Fog_PostProcess","0","6","2","1","30.412569","18","61"
"/Game/UltraDynamicSky/Materials/Space/Space_Planet_Glow_Mat.Space_Planet_Glow_Mat","0","26","7","1","203.508850","0","239"
"/Game/UltraDynamicSky/Materials/Volumetric_Cloud_Shadows.Volumetric_Cloud_Shadows","0","40","2","2","125.173805","40","611"
"/Game/BP/cupboard/Schemes/3Y.3Y","0","31","2","1","245.730103","0","543"
"/Niagara/DefaultAssets/M_NiagaraUVDebug.M_NiagaraUVDebug","0","31","4","1","80.360275","0","549"
"/Engine/EngineSky/VolumetricClouds/m_SimpleVolumetricCloud.m_SimpleVolumetricCloud","0","71","6","1","1124.355103","0","2299"
"/Interchange/Materials/OrenNayerMaterial.OrenNayerMaterial","0","17","6","1","1315.246094","0","86"
"/Engine/EngineMaterials/WorldGridMaterial.WorldGridMaterial","0","713","6","1","6342.691895","0","187216"
"/Interchange/Materials/PhongSurfaceMaterial.PhongSurfaceMaterial","0","16","6","1","222.793640","0","82"
"/Game/OP_Dop/BP/ZRU_SWITCH/New/TextMaterial_RedLight.TextMaterial_RedLight","0","31","3","1","245.808990","0","238"
"/Engine/EditorMaterials/PreviewShadowIndicatorMaterial.PreviewShadowIndicatorMaterial","0","20","1","1","26.443651","0","104"
"/Game/cupboard/Schemes/1Y_Scheme.1Y_Scheme","0","16","3","1","226.356613","0","122"
"/Game/OP_Dop/BP/Materials/T_AVMeter.T_AVMeter","0","16","3","1","0.000000","0","122"
"/Game/cupboard/Cupboar_Element/SET-4TM.SET-4TM","0","16","3","1","0.000000","0","122"
"/Game/BP/cupboard/Props/M_Bresler_297x297mm.M_Bresler_297x297mm","0","16","3","1","0.000000","0","122"
"/Game/BP/cupboard/Props/M_Bresler_297x521mm.M_Bresler_297x521mm","0","16","3","1","0.000000","0","122"
"/Game/BP/cupboard/Props/M_Bresler_297x417mm.M_Bresler_297x417mm","0","16","3","1","0.000000","0","122"
"/Game/BP/cupboard/Materials/Conductor.Conductor","0","16","3","1","0.000000","0","122"
"/Game/BP/Not_Include/Material_014.Material_014","0","16","3","1","0.000000","0","122"
"/Game/DIsp_Name/Textures/064_disp_name_Mat.064_disp_name_Mat","0","16","3","1","0.000000","0","122"
"/Game/DIsp_Name/Textures/006_disp_name_Mat.006_disp_name_Mat","0","16","3","1","0.000000","0","122"
"/Game/cupboard/ZRU_650/650_OL/TextureDoorUP_Front_Mat.TextureDoorUP_Front_Mat","0","16","3","1","0.000000","0","122"
"/Game/BP/cupboard/Materials/RPN1.RPN1","0","16","3","1","0.000000","0","110"
"/Game/DIsp_Name/Textures/119_disp_name_Mat.119_disp_name_Mat","0","16","3","1","0.000000","0","110"
"/Game/Materials/Logo/????????_???_Mat.????????_???_Mat","0","16","3","1","0.000000","0","110"
"/Game/DIsp_Name/Textures/027_disp_name_Mat.027_disp_name_Mat","0","16","3","1","0.000000","0","110"
"/Game/DIsp_Name/Textures/053_disp_name_Mat.053_disp_name_Mat","0","16","3","1","0.000000","0","110"
"/Game/BP/cupboard/Props/M_Bresler_OL_297x221mm.M_Bresler_OL_297x221mm","0","16","3","1","0.000000","0","110"
"/Game/DIsp_Name/Textures/017_disp_name_Mat.017_disp_name_Mat","0","16","3","1","0.000000","0","110"
"/Game/DIsp_Name/Textures/047_disp_name_Mat.047_disp_name_Mat","0","16","3","1","0.000000","0","110"
"/Game/DIsp_Name/Textures/045_disp_name_Mat.045_disp_name_Mat","0","16","3","1","0.000000","0","110"
"/Game/DIsp_Name/Textures/066_disp_name_Mat.066_disp_name_Mat","0","16","3","1","0.000000","0","110"
"/Game/cupboard/Materials/Bresler.Bresler","0","16","3","1","0.000000","0","110"
"/Game/DIsp_Name/Textures/094_disp_name_Mat.094_disp_name_Mat","0","16","3","1","0.000000","0","110"
"/Game/DIsp_Name/Textures/126_disp_name_Mat.126_disp_name_Mat","0","16","3","1","0.000000","0","110"
"/Game/DIsp_Name/Textures/024_disp_name_Mat.024_disp_name_Mat","0","16","3","1","0.000000","0","124"
"/Game/DIsp_Name/Textures/117_disp_name_Mat.117_disp_name_Mat","0","16","3","1","0.000000","0","110"
"/Game/DIsp_Name/Textures/043_disp_name_Mat.043_disp_name_Mat","0","16","3","1","0.000000","0","110"
"/Game/OP_Dop/BP/ZRU_SWITCH/New/M_VMetr_PZ195U.M_VMetr_PZ195U","0","16","3","1","0.000000","0","110"
"/Game/DIsp_Name/Textures/111_disp_name_Mat.111_disp_name_Mat","0","16","3","1","0.000000","0","110"
"/Game/DIsp_Name/Textures/104_disp_name_Mat.104_disp_name_Mat","0","16","3","1","0.000000","0","110"
"/Game/DIsp_Name/Textures/014_disp_name_Mat.014_disp_name_Mat","0","16","3","1","0.000000","0","110"
"/Game/DIsp_Name/Textures/009_disp_name_Mat.009_disp_name_Mat","0","16","3","1","0.000000","0","110"
"/Game/DIsp_Name/Textures/010_disp_name_Mat.010_disp_name_Mat","0","16","3","1","0.000000","0","110"
"/Game/DIsp_Name/Textures/081_disp_name_Mat.081_disp_name_Mat","0","16","3","1","0.000000","0","110"
"/Game/DIsp_Name/Textures/036_disp_name_Mat.036_disp_name_Mat","0","16","3","1","0.000000","0","110"
"/Game/Materials/Logo/OPU/??????_???_Mat.??????_???_Mat","0","16","3","1","0.000000","0","110"
"/Game/OP_Dop/Schem_OPU/M_Schem_OPU.M_Schem_OPU","0","16","3","1","0.000000","0","110"
"/Game/OP_Dop/BP/ZRU_SWITCH/M_kV_Digital.M_kV_Digital","0","16","3","1","0.000000","0","110"
"/Game/DIsp_Name/Textures/016_disp_name_Mat.016_disp_name_Mat","0","16","3","1","0.000000","0","110"
"/Game/DIsp_Name/Textures/099_disp_name_Mat.099_disp_name_Mat","0","16","3","1","0.000000","0","110"
"/Game/DIsp_Name/Textures/015_disp_name_Mat.015_disp_name_Mat","0","16","3","1","0.000000","0","110"
"/Game/DIsp_Name/Textures/112_disp_name_Mat.112_disp_name_Mat","0","16","3","1","0.000000","0","110"
"/Game/DIsp_Name/Textures/074_disp_name_Mat.074_disp_name_Mat","0","16","3","1","0.000000","0","110"
"/Game/DIsp_Name/Textures/114_disp_name_Mat.114_disp_name_Mat","0","16","3","1","0.000000","0","110"
"/Game/DIsp_Name/Textures/031_disp_name_Mat.031_disp_name_Mat","0","16","3","1","0.000000","0","110"
"/Game/DIsp_Name/Textures/011_disp_name_Mat.011_disp_name_Mat","0","16","3","1","0.000000","0","110"
"/Game/DIsp_Name/Textures/121_disp_name_Mat.121_disp_name_Mat","0","16","3","1","0.000000","0","110"
"/Game/DIsp_Name/Textures/086_disp_name_Mat.086_disp_name_Mat","0","16","3","1","0.000000","0","110"
"/Game/DIsp_Name/Textures/084_disp_name_Mat.084_disp_name_Mat","0","16","3","1","0.000000","0","110"
"/Game/DIsp_Name/Textures/106_disp_name_Mat.106_disp_name_Mat","0","16","3","1","0.000000","0","110"
"/Game/DIsp_Name/Textures/127_disp_name_Mat.127_disp_name_Mat","0","16","1","1","0.000000","0","113"
"/Game/DIsp_Name/Textures/046_disp_name_Mat.046_disp_name_Mat","0","16","3","1","0.000000","0","110"
"/Game/OP_Dop/BP/ZRU_SWITCH/M_mA_Digital.M_mA_Digital","0","16","1","1","0.000000","0","113"
"/Game/Materials/Logo/OPU/????????_???_Mat.????????_???_Mat","0","16","3","1","0.000000","0","110"
"/Game/DIsp_Name/Textures/091_disp_name_Mat.091_disp_name_Mat","0","16","3","1","0.000000","0","110"
"/Game/DIsp_Name/Textures/033_disp_name_Mat.033_disp_name_Mat","0","16","3","1","0.000000","0","110"
"/Game/DIsp_Name/Textures/122_disp_name_Mat.122_disp_name_Mat","0","16","3","1","0.000000","0","110"
"/Game/DIsp_Name/Textures/079_disp_name_Mat.079_disp_name_Mat","0","16","3","1","0.000000","0","110"
"/Game/BP/cupboard/Props/?_Bresler_297x221mm_Mat_V2.?_Bresler_297x221mm_Mat_V2","0","16","3","1","0.000000","0","110"
"/Game/OP_Dop/BP/ZRU_SWITCH/New/M_AMetr_PZ195U.M_AMetr_PZ195U","0","16","3","1","0.000000","0","110"
"/Game/DIsp_Name/Textures/026_disp_name_Mat.026_disp_name_Mat","0","16","3","1","0.000000","0","110"
"/Game/DIsp_Name/Textures/097_disp_name_Mat.097_disp_name_Mat","0","16","3","1","0.000000","0","110"
"/Game/DIsp_Name/Textures/102_disp_name_Mat.102_disp_name_Mat","0","16","3","1","0.000000","0","122"
"/Game/DIsp_Name/Textures/130_disp_name_Mat.130_disp_name_Mat","0","16","3","1","0.000000","0","110"
"/Game/DIsp_Name/Textures/089_disp_name_Mat.089_disp_name_Mat","0","16","3","1","0.000000","0","110"
"/Game/BP/cupboard/Props/?_Bresler_297x221mm_Mat.?_Bresler_297x221mm_Mat","0","16","3","1","0.000000","0","122"
"/Game/Materials/Logo/??????_???_Mat.??????_???_Mat","0","16","3","1","0.000000","0","110"
"/Game/cupboard/RAS/?????????????_Mat.?????????????_Mat","0","16","3","1","0.000000","0","110"
"/Game/DIsp_Name/Textures/071_disp_name_Mat.071_disp_name_Mat","0","16","3","1","0.000000","0","110"
"/Game/DIsp_Name/Textures/107_disp_name_Mat.107_disp_name_Mat","0","16","3","1","0.000000","0","110"
"/Game/DIsp_Name/Textures/018_disp_name_Mat.018_disp_name_Mat","0","16","3","1","0.000000","0","110"
"/Game/OP_Dop/KRUN/Materials/M_KRUN_OFF.M_KRUN_OFF","0","16","3","1","0.000000","0","110"
"/Game/DIsp_Name/Textures/058_disp_name_Mat.058_disp_name_Mat","0","16","3","1","0.000000","0","110"
"/Game/DIsp_Name/Textures/065_disp_name_Mat.065_disp_name_Mat","0","16","2","1","0.000000","0","113"
"/Game/DIsp_Name/Textures/039_disp_name_Mat.039_disp_name_Mat","0","16","3","1","0.000000","0","110"
"/Game/DIsp_Name/Textures/051_disp_name_Mat.051_disp_name_Mat","0","16","3","1","0.000000","0","110"
"/Game/DIsp_Name/Textures/062_disp_name_Mat.062_disp_name_Mat","0","16","3","1","0.000000","0","110"
"/Game/DIsp_Name/Textures/013_disp_name_Mat.013_disp_name_Mat","0","16","3","1","0.000000","0","110"
"/Game/DIsp_Name/Textures/077_disp_name_Mat.077_disp_name_Mat","0","16","3","1","0.000000","0","110"
"/Game/DIsp_Name/Textures/040_disp_name_Mat.040_disp_name_Mat","0","16","3","1","0.000000","0","110"
"/Game/DIsp_Name/Textures/028_disp_name_Mat.028_disp_name_Mat","0","16","3","1","0.000000","0","110"
"/Game/DIsp_Name/Textures/109_disp_name_Mat.109_disp_name_Mat","0","16","3","1","0.000000","0","110"
"/Game/DIsp_Name/Textures/120_disp_name_Mat.120_disp_name_Mat","0","16","3","1","0.000000","0","110"
"/Game/DIsp_Name/Textures/083_disp_name_Mat.083_disp_name_Mat","0","16","3","1","0.000000","0","110"
"/Game/DIsp_Name/Textures/044_disp_name_Mat.044_disp_name_Mat","0","16","3","1","0.000000","0","110"
"/Game/DIsp_Name/Textures/002_disp_name_Mat.002_disp_name_Mat","0","16","3","1","0.000000","0","110"
"/Game/DIsp_Name/Textures/090_disp_name_Mat.090_disp_name_Mat","0","16","3","1","0.000000","0","110"
"/Game/DIsp_Name/Textures/087_disp_name_Mat.087_disp_name_Mat","0","16","3","1","0.000000","0","110"
"/Game/DIsp_Name/Textures/063_disp_name_Mat.063_disp_name_Mat","0","16","3","1","0.000000","0","110"
"/Game/DIsp_Name/Textures/054_disp_name_Mat.054_disp_name_Mat","0","16","3","1","0.000000","0","110"
"/Game/OP_Dop/KRUN/Materials/M_KRUN_ON.M_KRUN_ON","0","16","3","1","0.000000","0","110"
"/Game/DIsp_Name/Textures/096_disp_name_Mat.096_disp_name_Mat","0","16","3","1","0.000000","0","110"
"/Game/DIsp_Name/Textures/021_disp_name_Mat.021_disp_name_Mat","0","16","3","1","0.000000","0","110"
"/Game/DIsp_Name/Textures/032_disp_name_Mat.032_disp_name_Mat","0","16","3","1","0.000000","0","110"
"/Game/DIsp_Name/Textures/101_disp_name_Mat.101_disp_name_Mat","0","16","3","1","0.000000","0","110"
"/Game/DIsp_Name/Textures/059_disp_name_Mat.059_disp_name_Mat","0","16","1","1","0.000000","0","113"
"/Game/DIsp_Name/Textures/061_disp_name_Mat.061_disp_name_Mat","0","16","3","1","0.000000","0","110"
"/Game/DIsp_Name/Textures/052_disp_name_Mat.052_disp_name_Mat","0","16","3","1","0.000000","0","110"
"/Game/DIsp_Name/Textures/049_disp_name_Mat.049_disp_name_Mat","0","16","3","1","0.000000","0","114"
"/Game/DIsp_Name/Textures/056_disp_name_Mat.056_disp_name_Mat","0","16","3","1","0.000000","0","110"
"/Game/DIsp_Name/Textures/060_disp_name_Mat.060_disp_name_Mat","0","16","1","1","0.000000","0","113"
"/Game/DIsp_Name/Textures/113_disp_name_Mat.113_disp_name_Mat","0","16","3","1","0.000000","0","114"
"/Game/DIsp_Name/Textures/001_disp_name_Mat.001_disp_name_Mat","0","16","3","1","0.000000","0","110"
"/Game/DIsp_Name/Textures/035_disp_name_Mat.035_disp_name_Mat","0","16","3","1","0.000000","0","110"
"/Game/DIsp_Name/Textures/080_disp_name_Mat.080_disp_name_Mat","0","16","3","1","0.000000","0","110"
"/Game/DIsp_Name/Textures/050_disp_name_Mat.050_disp_name_Mat","0","16","3","1","0.000000","0","110"
"/Game/DIsp_Name/Textures/003_disp_name_Mat.003_disp_name_Mat","0","16","3","1","0.000000","0","110"
"/Game/OP_Dop/KRUN/Materials/M_KRUN_TABL_??????_?????.M_KRUN_TABL_??????_?????","0","16","1","1","0.000000","0","113"
"/Game/DIsp_Name/Textures/042_disp_name_Mat.042_disp_name_Mat","0","16","3","1","0.000000","0","110"
"/Game/DIsp_Name/Textures/008_disp_name_Mat.008_disp_name_Mat","0","16","3","1","0.000000","0","110"
"/Game/DIsp_Name/Textures/072_disp_name_Mat.072_disp_name_Mat","0","16","3","1","0.000000","0","110"
"/Game/DIsp_Name/Textures/088_disp_name_Mat.088_disp_name_Mat","0","16","3","1","0.000000","0","110"
"/Game/DIsp_Name/Textures/125_disp_name_Mat.125_disp_name_Mat","0","16","3","1","0.000000","0","110"
"/Game/DIsp_Name/Textures/076_disp_name_Mat.076_disp_name_Mat","0","16","3","1","0.000000","0","114"
"/Game/DIsp_Name/Textures/115_disp_name_Mat.115_disp_name_Mat","0","16","3","1","0.000000","0","110"
"/Game/DIsp_Name/Textures/075_disp_name_Mat.075_disp_name_Mat","0","16","3","1","0.000000","0","110"
"/Game/DIsp_Name/Textures/095_disp_name_Mat.095_disp_name_Mat","0","16","3","1","0.000000","0","110"
"/Game/DIsp_Name/Textures/057_disp_name_Mat.057_disp_name_Mat","0","16","3","1","0.000000","0","110"
"/Game/DIsp_Name/Textures/092_disp_name_Mat.092_disp_name_Mat","0","16","3","1","0.000000","0","110"
"/Game/DIsp_Name/Textures/123_disp_name_Mat.123_disp_name_Mat","0","16","3","1","0.000000","0","110"
"/Game/DIsp_Name/Textures/048_disp_name_Mat.048_disp_name_Mat","0","16","3","1","0.000000","0","110"
"/Game/DIsp_Name/Textures/034_disp_name_Mat.034_disp_name_Mat","0","16","3","1","0.000000","0","110"
"/Game/DIsp_Name/Textures/020_disp_name_Mat.020_disp_name_Mat","0","16","3","1","0.000000","0","110"
"/Game/DIsp_Name/Textures/025_disp_name_Mat.025_disp_name_Mat","0","16","3","1","0.000000","0","110"
"/Game/DIsp_Name/Textures/068_disp_name_Mat.068_disp_name_Mat","0","16","3","1","0.000000","0","110"
"/Game/DIsp_Name/Textures/100_disp_name_Mat.100_disp_name_Mat","0","16","3","1","0.000000","0","110"
"/Game/DIsp_Name/Textures/093_disp_name_Mat.093_disp_name_Mat","0","16","3","1","0.000000","0","110"
"/Game/DIsp_Name/Textures/037_disp_name_Mat.037_disp_name_Mat","0","16","3","1","0.000000","0","110"
"/Game/DIsp_Name/Textures/019_disp_name_Mat.019_disp_name_Mat","0","16","3","1","0.000000","0","110"
"/Game/DIsp_Name/Textures/105_disp_name_Mat.105_disp_name_Mat","0","16","3","1","0.000000","0","122"
"/Game/DIsp_Name/Textures/131_disp_name_Mat.131_disp_name_Mat","0","16","3","1","0.000000","0","110"
"/Game/DIsp_Name/Textures/005_disp_name_Mat.005_disp_name_Mat","0","16","3","1","0.000000","0","110"
"/Game/DIsp_Name/Textures/129_disp_name_Mat.129_disp_name_Mat","0","16","3","1","0.000000","0","110"
"/Game/DIsp_Name/Textures/128_disp_name_Mat.128_disp_name_Mat","0","16","3","1","0.000000","0","110"
"/Game/OP_Dop/KRUN/Materials/M_KRUN_TABL_??????_????????.M_KRUN_TABL_??????_????????","0","16","3","1","0.000000","0","110"
"/Game/DIsp_Name/Textures/085_disp_name_Mat.085_disp_name_Mat","0","16","3","1","0.000000","0","110"
"/Game/DIsp_Name/Textures/108_disp_name_Mat.108_disp_name_Mat","0","16","3","1","0.000000","0","110"
"/Game/cupboard/RAS/????????_?????????.????????_?????????","0","16","3","1","0.000000","0","110"
"/Game/DIsp_Name/Textures/030_disp_name_Mat.030_disp_name_Mat","0","16","3","1","0.000000","0","110"
"/Game/DIsp_Name/Textures/078_disp_name_Mat.078_disp_name_Mat","0","16","3","1","0.000000","0","110"
"/Game/OP_Dop/KRUN/Materials/M_KRUN_TABL_??????_??????.M_KRUN_TABL_??????_??????","0","16","3","1","0.000000","0","110"
"/Game/DIsp_Name/Textures/038_disp_name_Mat.038_disp_name_Mat","0","16","1","1","0.000000","0","113"
"/Game/DIsp_Name/Textures/103_disp_name_Mat.103_disp_name_Mat","0","16","3","1","0.000000","0","110"
"/Game/DIsp_Name/Textures/118_disp_name_Mat.118_disp_name_Mat","0","16","3","1","0.000000","0","122"
"/Game/DIsp_Name/Textures/070_disp_name_Mat.070_disp_name_Mat","0","16","3","1","0.000000","0","110"
"/Game/DIsp_Name/Textures/067_disp_name_Mat.067_disp_name_Mat","0","16","3","1","0.000000","0","114"
"/Game/DIsp_Name/Textures/041_disp_name_Mat.041_disp_name_Mat","0","16","3","1","0.000000","0","110"
"/Game/DIsp_Name/Textures/055_disp_name_Mat.055_disp_name_Mat","0","16","3","1","0.000000","0","110"
"/Game/DIsp_Name/Textures/073_disp_name_Mat.073_disp_name_Mat","0","16","3","1","0.000000","0","110"
"/Game/DIsp_Name/Textures/124_disp_name_Mat.124_disp_name_Mat","0","16","3","1","0.000000","0","110"
"/Game/DIsp_Name/Textures/116_disp_name_Mat.116_disp_name_Mat","0","16","1","1","0.000000","0","113"
"/Game/DIsp_Name/Textures/029_disp_name_Mat.029_disp_name_Mat","0","16","3","1","0.000000","0","110"
"/Game/DIsp_Name/Textures/069_disp_name_Mat.069_disp_name_Mat","0","16","3","1","0.000000","0","110"
"/Game/DIsp_Name/Textures/082_disp_name_Mat.082_disp_name_Mat","0","16","3","1","0.000000","0","110"
"/Game/DIsp_Name/Textures/023_disp_name_Mat.023_disp_name_Mat","0","16","3","1","0.000000","0","110"
"/Game/DIsp_Name/Textures/004_disp_name_Mat.004_disp_name_Mat","0","16","3","1","0.000000","0","110"
"/Game/DIsp_Name/Textures/007_disp_name_Mat.007_disp_name_Mat","0","16","3","1","0.000000","0","110"
"/Game/DIsp_Name/Textures/110_disp_name_Mat.110_disp_name_Mat","0","16","3","1","0.000000","0","110"
"/Game/DIsp_Name/Textures/012_disp_name_Mat.012_disp_name_Mat","0","16","3","1","0.000000","0","110"
"/Game/StaticObject/DopObject/Poster_is_grounded/Zazemleno_Mat.Zazemleno_Mat","0","16","3","1","0.000000","0","110"
"/Game/DIsp_Name/Textures/098_disp_name_Mat.098_disp_name_Mat","0","16","3","1","0.000000","0","110"
"/Game/DIsp_Name/Textures/022_disp_name_Mat.022_disp_name_Mat","0","16","3","1","0.000000","0","110"
"/Game/Materials/Logo/OPU/?????????_??_?????_OPU_Mat.?????????_??_?????_OPU_Mat","0","22","1","1","211.784225","0","175"
"/Game/Materials/Logo/?????????_??_?????_Mat.?????????_??_?????_Mat","0","22","1","1","0.000000","0","169"
"/Game/Materials/Logo/Logo.Logo","0","34","3","1","108.534424","0","317"
"/Game/BP/Door1264/SHPT3_Mat.SHPT3_Mat","0","22","1","1","0.000000","0","175"
"/Game/BP/cupboard/Materials/SV_texture_Mat.SV_texture_Mat","0","22","1","1","0.000000","0","169"
"/Game/OP_Dop/KRUN/Materials/????????_????-6_125?287??_Mat.????????_????-6_125?287??_Mat","0","22","1","1","0.000000","0","169"
"/Game/BP/Door1264/AB_Mat.AB_Mat","0","22","1","1","0.000000","0","169"
"/Game/BP/Door1264/SHPT2_Mat.SHPT2_Mat","0","22","1","1","0.000000","0","169"
"/Game/BP/Door1264/SHPT1_Mat.SHPT1_Mat","0","22","1","1","0.000000","0","178"
"/Game/OP_Dop/KRUN/Materials/M_High_Voltage.M_High_Voltage","0","22","1","1","0.000000","0","169"
"/Game/Materials/NonMetal/Concrete_Area.Concrete_Area","0","16","1","1","210.619736","0","75"
"/Game/UltraDynamicSky/Materials/Weather/Projection_Box_Mask.Projection_Box_Mask","0","6","6","1","16.141571","0","10"
"/Engine/EngineMaterials/DefaultTextMaterialOpaque.DefaultTextMaterialOpaque","0","31","2","1","237.512344","0","161"
"/Game/UltraDynamicSky/Materials/Weather/Snow_Fade_Target_Mat.Snow_Fade_Target_Mat","0","5","5","1","12.299747","0","7"
"/Game/Materials/fency/barbed_wire/barbed_wire.barbed_wire","0","47","10","1","452.080994","0","956"
"/Game/Materials/Metal/Stainless_Steel.Stainless_Steel","0","46","4","1","597.249939","0","730"
"/Game/Materials/zazem/??????????_??????_Mat.??????????_??????_Mat","0","47","4","1","391.849823","0","705"
"/Game/cupboard/Voltage/VoltImage.VoltImage","0","31","3","1","0.000000","0","381"
"/Game/UltraDynamicSky/Materials/Overcast_Turbulence.Overcast_Turbulence","0","11","1","1","25.692043","0","31"
"/Game/UltraDynamicSky/Materials/Volumetric_Aurora.Volumetric_Aurora","0","55","3","1","451.941040","0","480"
"/Game/UltraDynamicSky/Materials/Weather/Wind_Debris.Wind_Debris","0","44","8","1","188.309387","0","305"
"/Game/Materials/Metal/Metal_Notch.Metal_Notch","0","47","10","1","406.551270","0","930"
"/Game/Materials/Metal/Metal_Notch1.Metal_Notch1","0","47","2","1","424.079620","0","1165"
"/Game/Materials/NonMetal/Isolator_Porcelain_Brown.Isolator_Porcelain_Brown","0","31","7","1","394.265747","0","473"
"/Game/cupboard/RAS/808_2_Mat.808_2_Mat","0","16","7","1","215.828018","0","74"
"/Game/GDXR_VR_Template/DemoContent/LyraWeapons/Generic/Materials/M_Weapon.M_Weapon","0","28","2","1","254.418030","0","348"
"/Game/Materials/NonMetal/Isolator_Porcelain_Gray.Isolator_Porcelain_Gray","0","40","1","1","575.952148","0","777"
"/Game/Materials/Metal/Alumin.Alumin","0","16","1","1","211.176712","0","148"
"/Game/Materials/Metal/Clear_Metal.Clear_Metal","0","40","3","1","368.631104","0","763"
"/Game/Materials/NonMetal/Metal_Copper.Metal_Copper","0","40","3","1","0.000000","0","750"
"/Game/Materials/RalMats/RAL_NEW/RAL_3020.RAL_3020","0","16","1","1","0.000000","0","148"
"/Game/Materials/RalMats/RAL_NEW/RAL_9011.RAL_9011","0","16","1","1","0.000000","0","148"
"/Game/Materials/RalMats/RAL_NEW/RAL_9003.RAL_9003","0","28","2","1","0.000000","0","415"
"/Game/Materials/RalMats/RAL_NEW/RAL_6024.RAL_6024","0","16","1","1","0.000000","0","148"
"/Game/Materials/RalMats/RAL_NEW/RAL_7036.RAL_7036","0","16","1","1","0.000000","0","148"
"/Game/Materials/RalMats/RAL_NEW/RAL_1021.RAL_1021","0","16","1","1","0.000000","0","148"
"/Game/StaticObject/DopObject/Interior/Phone/uvrap_ekran_Mat.uvrap_ekran_Mat","0","28","16","1","159.638611","0","244"
"/Game/StaticObject/02_OPU/Cupboard/Server/???????_Mat.???????_Mat","0","28","16","1","0.000000","0","244"
"/Game/Materials/fency/Fencing_NetOLD/Fencing_Net-opacity_Mat.Fencing_Net-opacity_Mat","0","47","8","1","412.422180","0","1125"
"/Game/Materials/NonMetal/Ground_Rubble1.Ground_Rubble1","0","28","6","1","378.239197","0","366"
"/Game/BP/SkyPanorama/????????__Mat.????????__Mat","0","31","1","1","257.424164","0","380"
"/Game/Materials/Hand/LeftHand/HandLeft.HandLeft","0","28","2","1","415.221558","0","431"
"/Game/BP/SkyPanorama/????????__winter.????????__winter","0","31","8","1","257.455719","0","366"
"/Game/Materials/Hand/RightHand/HandRight.HandRight","0","28","2","1","0.000000","0","431"
"/Game/Materials/Hand/Gloves/Gloves_Mat.Gloves_Mat","0","28","2","1","0.000000","0","431"
"/Game/MyContent/Hand/Material/M_Gloves.M_Gloves","0","34","5","1","476.258148","0","328"
"/Game/MyContent/Hand/Material/M_Gloves_R.M_Gloves_R","0","34","5","1","0.000000","0","357"
"/Game/Materials/FloorIntheBuilding/FloorBuilding.FloorBuilding","0","44","6","1","402.013733","0","1009"
"/Game/Materials/FloorIntheBuilding/FloorBuilding1.FloorBuilding1","0","44","6","1","0.000000","0","1009"
"/Game/cupboard/Schemes/2Y.2Y","0","31","7","1","264.214447","0","162"
"/Game/BP/cupboard/Schemes/5Y.5Y","0","31","7","1","0.000000","0","162"
"/Game/BP/cupboard/Schemes/1Y.1Y","0","31","7","1","0.000000","0","162"
"/Game/BP/cupboard/Schemes/4Y.4Y","0","31","7","1","0.000000","0","180"
"/Game/UltraDynamicSky/Materials/Weather/Draw_Texture_Mat.Draw_Texture_Mat","0","5","2","1","13.320856","0","14"
"/Game/UltraDynamicSky/Materials/Weather/Projection_Box_Height.Projection_Box_Height","0","18","4","1","37.175896","0","51"
"/Game/UltraDynamicSky/Materials/Weather/Stuck_Snow_Decal_Mat.Stuck_Snow_Decal_Mat","0","50","8","1","164.342941","0","1241"
"/Game/UltraDynamicSky/Materials/Weather/Rain_Spot_Decal.Rain_Spot_Decal","0","62","7","1","505.294250","0","1995"
"/Game/cupboard/Cupboar_Element/DIN_?????_material.DIN_?????_material","0","52","1","1","898.131409","0","1305"
"/Game/StaticObject/16_toilet/Toilet_Blue.Toilet_Blue","0","28","3","1","363.214966","0","403"
"/Game/StaticObject/16_toilet/Toilet_Top.Toilet_Top","0","28","3","1","0.000000","0","403"
"/Game/StaticObject/16_toilet/Door_Hang.Door_Hang","0","28","3","1","0.000000","0","403"
"/Game/StaticObject/16_toilet/Toilet_Door.Toilet_Door","0","28","3","1","0.000000","0","403"
"/Game/GDXR_VR_Template/DemoContent/ExampleContent/Materials/M_Battery.M_Battery","0","28","9","1","227.857666","0","220"
"/Game/cupboard/Cupboar_Element/Perf_Cable/perf_Mat.perf_Mat","0","31","4","1","249.091690","0","476"
"/Game/BP/cupboard/Materials/Conductor_Emission.Conductor_Emission","0","16","1","1","216.019684","0","107"
"/Game/Materials/NonMetal/Concrete_Area1.Concrete_Area1","0","28","1","1","386.166748","0","408"
"/Game/Materials/POM_Materials/Snow_env.Snow_env","0","28","1","1","528.499146","28","455"
"/Game/Materials/POM_Materials/Snow.Snow","0","28","1","1","0.000000","28","455"
"/Interchange/Materials/LambertSurfaceMaterial.LambertSurfaceMaterial","0","16","2","1","210.514618","0","112"
"/Game/VRE/Core/Character/LaserBeamSplineGreen.LaserBeamSplineGreen","0","21","3","1","45.907814","0","216"
"/Game/VRE/Core/Character/LaserBeamSplineMat.LaserBeamSplineMat","0","21","3","1","0.000000","0","216"
"/Engine/MapTemplates/Sky/M_Procedural_Sky_MASTER02.M_Procedural_Sky_MASTER02","0","28","2","1","363.484650","0","367"
"/Game/TrainingRoom/MainGuiControllerPic_Mat.MainGuiControllerPic_Mat","0","47","1","1","397.016724","0","985"
"/Game/UltraDynamicSky/Materials/Weather/Snow_ParticleMat.Snow_ParticleMat","0","56","8","1","431.009613","112","1419"
"/Game/UltraDynamicSky/Materials/Weather/Fog_ParticleMat.Fog_ParticleMat","0","54","3","1","914.261230","108","1405"
"/Game/UltraDynamicSky/Materials/Weather/LightningBolt_ParticleMat.LightningBolt_ParticleMat","0","18","5","1","84.525330","18","176"
"/Game/UltraDynamicSky/Materials/Inside_Clouds_Fog_Particle.Inside_Clouds_Fog_Particle","0","142","6","1","5837.600098","426","16129"
"/Game/UltraDynamicSky/Materials/Weather/Lightning_Glow.Lightning_Glow","0","22","6","1","136.177017","22","322"
"/Game/UltraDynamicSky/Materials/Lens_Flare.Lens_Flare","0","12","12","2","32.795853","12","55"
"/Game/UltraDynamicSky/Materials/Weather/Rain_ParticleMat.Rain_ParticleMat","0","56","8","1","655.126221","112","1594"
"Globals","20","143","0","1","0.000000","0","0"
"","20","1","0","1","0.000000","20","0"
"/Game/BP/cupboard/Materials/Green_Light_Emissive.Green_Light_Emissive","20","13","13","1","153.179565","0","14"
"/Game/cupboard/Materials/Red_Light_Emissive.Red_Light_Emissive","20","13","13","1","0.000000","0","14"
"/Game/BP/cupboard/Materials/Indicator_Emission.Indicator_Emission","20","13","13","1","0.000000","0","14"
"/Game/VRE/Grippables/Misc/Examples/Button/Green.Green","20","13","13","1","0.000000","0","14"
"/Game/BP/cupboard/Materials/Orange_Light_Emissive.Orange_Light_Emissive","20","13","13","1","0.000000","0","14"
"/Engine/EngineDebugMaterials/DebugEditorMaterial.DebugEditorMaterial","20","6","1","1","16.629160","0","30"
"/Game/GDXR_VR_Template/DemoContent/LevelPrototyping/Materials/M_PrototypeGrid.M_PrototypeGrid","20","44","3","2","654.094727","0","391"
"/Game/Materials/fency/Fency/Fencing_Net/Fencing_Net-opacity_Mat.Fencing_Net-opacity_Mat","20","41","43","1","345.216766","0","82"
"/Engine/EngineDebugMaterials/DebugMeshMaterial.DebugMeshMaterial","20","6","6","1","17.953203","0","10"
"/Engine/EngineMaterials/GizmoMaterial.GizmoMaterial","20","6","1","1","16.200235","0","29"
"/ControlRig/Controls/ControlRigXRayMaterial.ControlRigXRayMaterial","20","9","1","1","23.609377","0","59"
"/Engine/EngineDebugMaterials/M_SimpleUnlitTranslucent.M_SimpleUnlitTranslucent","20","4","1","1","0.000000","0","13"
"/Game/cupboard/Materials/Material_009.Material_009","20","13","2","1","175.351929","0","88"
"/Engine/EngineMaterials/Widget3DPassThrough.Widget3DPassThrough","20","51","25","6","133.821381","0","178"
"/Game/GDXR_VR_Template/Materials/WidgetMaterials/M_Widget3DPassThrough.M_Widget3DPassThrough","20","4","1","1","0.000000","0","13"
"/OpenXR/Devices/M_XRController.M_XRController","20","39","7","3","532.414185","0","229"
"/Engine/VREditor/TransformGizmo/Main.Main","20","4","4","1","10.119738","0","7"
"/Game/UltraDynamicSky/Materials/Ultra_Dynamic_Sky_Mat.Ultra_Dynamic_Sky_Mat","20","102","92","34","1319.907593","318","947"
"/Game/cupboard/Materials/Display.Display","20","13","2","1","147.667007","0","79"
"/Game/cupboard/RAS/Material_007.Material_007","20","13","2","1","0.000000","0","79"
"/Game/cupboard/RAS/Material_004.Material_004","20","13","2","1","0.000000","0","79"
"/Game/cupboard/RAS/Material.Material","20","13","2","1","0.000000","0","79"
"/Game/cupboard/RAS/Material_008.Material_008","20","13","2","1","0.000000","0","79"
"/Game/StaticObject/02_08_3_4_Block/02_08/Isolator_Porcelain_Gray.Isolator_Porcelain_Gray","20","13","1","1","0.000000","0","81"
"/Game/OP_Dop/KRUN/Materials/GREEN.GREEN","20","13","2","1","0.000000","0","79"
"/Game/OP_Dop/KRUN/Materials/WHITE.WHITE","20","13","2","1","0.000000","0","79"
"/Game/OP_Dop/KRUN/Materials/RED.RED","20","13","2","1","0.000000","0","79"
"/Game/cupboard/Materials/Material_010.Material_010","20","13","2","1","0.000000","0","79"
"/Game/cupboard/Materials/Green_Light.Green_Light","20","13","2","1","0.000000","0","79"
"/Game/BP/cupboard/Materials/Plastic.Plastic","20","13","2","1","0.000000","0","79"
"/Game/MyContent/Dynamic/3/3_1/RAL_9003.RAL_9003","20","13","2","1","0.000000","0","79"
"/Game/BP/cupboard/Materials/Material_001.Material_001","20","13","2","1","0.000000","0","79"
"/Game/StaticObject/19_IronConcrete/Concrete_Area.Concrete_Area","20","13","2","1","0.000000","0","79"
"/Game/BP/cupboard/Materials/Red_Light.Red_Light","20","13","2","1","0.000000","0","79"
"/Game/cupboard/ZRU_1000/M_RED_002.M_RED_002","20","13","2","1","0.000000","0","79"
"/Game/BP/cupboard/Materials/Material_007.Material_007","20","13","2","1","0.000000","0","91"
"/Game/BP/cupboard/Materials/Material_014.Material_014","20","13","2","1","0.000000","0","79"
"/Game/BP/cupboard/Materials/Orange_Light.Orange_Light","20","13","2","1","0.000000","0","79"
"/Game/StaticObject/19_IronConcrete/Concrete_Foundation.Concrete_Foundation","20","13","2","1","0.000000","0","79"
"/Game/cupboard/ZRU_Cell_DOOR/M_White_002.M_White_002","20","13","2","1","0.000000","0","79"
"/Game/BP/cupboard/Materials/RAL_9011.RAL_9011","20","13","2","1","0.000000","0","79"
"/Game/StaticObject/01_Transformator/?????_?_????_?????????.?????_?_????_?????????","20","13","2","1","0.000000","0","79"
"/Game/StaticObject/01_Transformator/???_?_????_?????????.???_?_????_?????????","20","13","2","1","0.000000","0","79"
"/Game/cupboard/RAL_9003.RAL_9003","20","13","2","1","0.000000","0","79"
"/Game/BP/Door1264/Color.Color","20","13","2","1","0.000000","0","79"
"/Game/BP/Door1264/Clear_Metal.Clear_Metal","20","13","2","1","0.000000","0","79"
"/Game/BP/Door1264/RAL_9011.RAL_9011","20","13","2","1","0.000000","0","79"
"/Game/OP_Dop/BP/ZRU_BUTTON/M_Black.M_Black","20","13","2","1","0.000000","0","79"
"/Game/StaticObject/VoltIndicator/Blue_Indicator.Blue_Indicator","20","13","2","1","0.000000","0","79"
"/Game/StaticObject/ScenarioObject/Camera/Material_001.Material_001","20","13","2","1","0.000000","0","79"
"/Game/StaticObject/ScenarioObject/Camera/Material_006.Material_006","20","13","2","1","0.000000","0","79"
"/Game/StaticObject/ScenarioObject/Camera/Material_002.Material_002","20","13","2","1","0.000000","0","79"
"/Game/BP/cupboard/Materials/Indicator.Indicator","20","13","2","1","0.000000","0","73"
"/Game/BP/cupboard/Materials/RAL_9012.RAL_9012","20","13","2","1","0.000000","0","68"
"/Game/StaticObject/ScenarioObject/Camera/Material.Material","20","13","2","1","0.000000","0","68"
"/Game/StaticObject/ScenarioObject/Camera/Material_005.Material_005","20","13","2","1","0.000000","0","68"
"/Game/StaticObject/ScenarioObject/Camera/Material_003.Material_003","20","13","2","1","0.000000","0","68"
"/Game/StaticObject/ScenarioObject/Camera/Material_004.Material_004","20","13","2","1","0.000000","0","68"
"/Game/BP/All_key/RAL_7036.RAL_7036","20","13","2","1","0.000000","0","68"
"/Game/BP/cupboard/Props/Stainless_Steel.Stainless_Steel","20","13","2","1","0.000000","0","68"
"/Game/BP/cupboard/Materials/Rubber.Rubber","20","13","2","1","0.000000","0","68"
"/Game/OP_Dop/BP/Materials/M_Botton.M_Botton","20","13","2","1","0.000000","0","68"
"/Game/BP/cupboard/Props/Isolated_Cable.Isolated_Cable","20","13","2","1","0.000000","0","68"
"/Game/StaticObject/17_fence/RAL_9011.RAL_9011","20","13","2","1","0.000000","0","68"
"/Game/StaticObject/19_IronConcrete/RAL_7036.RAL_7036","20","13","2","1","0.000000","0","68"
"/Game/StaticObject/17_fence/Rubber.Rubber","20","13","2","1","0.000000","0","68"
"/Game/VRE/Level/Car/VehicleBP/Sedan/Yellow.Yellow","20","13","2","1","0.000000","0","68"
"/Game/BP/Not_Include/Material_003.Material_003","20","13","2","1","0.000000","0","68"
"/Game/cupboard/Materials/RAL_9003.RAL_9003","20","13","2","1","0.000000","0","68"
"/Game/BP/All_key/TextPlace_Birka.TextPlace_Birka","20","13","2","1","0.000000","0","68"
"/Game/BP/All_key/Plastic.Plastic","20","13","2","1","0.000000","0","78"
"/Game/BP/cupboard/Props/Rubber.Rubber","20","13","2","1","0.000000","0","68"
"/Game/StaticObject/DopObject/Poster_is_grounded/Material_002.Material_002","20","13","2","1","0.000000","0","68"
"/Game/StaticObject/DopObject/Poster_is_grounded/Material.Material","20","13","2","1","0.000000","0","68"
"/Engine/VREditor/TransformGizmo/Xray.Xray","20","13","2","1","0.000000","0","68"
"/Game/OP_Dop/BP/Materials/M_White.M_White","20","13","2","1","0.000000","0","68"
"/Game/OP_Dop/BP/Materials/M_Black.M_Black","20","13","2","1","0.000000","0","78"
"/Engine/VREditor/TransformGizmo/TranslucentTransformGizmoMaterial.TranslucentTransformGizmoMaterial","20","4","1","1","11.086104","0","13"
"/Game/StaticObject/01_transformer/RAL_3020.RAL_3020","20","13","2","1","0.000000","0","68"
"/Game/StaticObject/DopObject/BlockKey/Material.Material","20","13","1","1","0.000000","0","70"
"/Game/StaticObject/Cupboard/1-6Y/RAL_9003.RAL_9003","20","13","2","1","0.000000","0","79"
"/Game/OP_Dop/BP/ZRU_SWITCH/New/M_VMetr_PZ195U_BODY.M_VMetr_PZ195U_BODY","20","13","2","1","0.000000","0","79"
"/Game/BP/All_key/Stainless_Steel.Stainless_Steel","20","13","2","1","0.000000","0","79"
"/Game/OP_Dop/BP/Materials/M_Body.M_Body","20","13","2","1","0.000000","0","79"
"/Game/VRE/Grippables/Misc/Examples/Microphone/black_mate_plastic.black_mate_plastic","20","13","2","1","0.000000","0","79"
"/Game/StaticObject/17_fence/RAL_9003.RAL_9003","20","13","2","1","0.000000","0","79"
"/Game/GDXR_VR_Template/DemoContent/ControlRig/Characters/Mannequins/Materials/M_Mannequin.M_Mannequin","20","54","8","2","692.977905","0","653"
"/Game/UltraDynamicSky/Materials/Volumetric_Clouds.Volumetric_Clouds","20","276","19","4","6082.873535","828","9033"
"/Game/GDXR_VR_Template/Materials/GridMaterials/M_GridRotation.M_GridRotation","20","22","22","1","282.664154","0","32"
"/Game/UltraDynamicSky/Materials/Space/Space_Planet_Mat.Space_Planet_Mat","20","232","30","8","1082.999268","0","2191"
"/Game/OP_Dop/BP/Materials/Light_emessive.Light_emessive","20","13","3","1","161.558456","0","55"
"/Interchange/gltf/M_Sheen.M_Sheen","20","125","14","6","1417.268555","0","1181"
"/Interchange/gltf/M_ClearCoat.M_ClearCoat","20","125","26","6","1455.779419","0","846"
"/Interchange/gltf/M_Default.M_Default","20","125","14","6","1365.781982","0","1051"
"/Interchange/gltf/M_Unlit.M_Unlit","20","51","22","6","140.592178","0","280"
"/Game/OP_Dop/BP/Materials/M_Black_2.M_Black_2","20","13","3","1","180.197174","0","83"
"/Game/GDXR_VR_Template/Materials/SolidColours/M_ScreenFade.M_ScreenFade","20","11","3","1","15.948307","0","71"
"/Game/GDXR_VR_Template/Materials/M_VRCursor.M_VRCursor","20","3","1","1","8.277301","0","8"
"/Game/Materials/NonMetal/Isolator_Porcelain_White.Isolator_Porcelain_White","20","22","1","1","293.383911","0","274"
"/Engine/BasicShapes/BasicShapeMaterial.BasicShapeMaterial","20","66","1","1","593.371155","0","1964"
"/Game/StarterContent/Materials/M_Glass.M_Glass","20","30","7","1","89.835457","0","373"
"/Game/GDXR_VR_Template/Materials/M_HolsetMaterial.M_HolsetMaterial","20","7","4","1","16.302851","0","19"
"/Interchange/gltf/M_SpecularGlossiness.M_SpecularGlossiness","20","125","25","6","1418.199463","0","739"
"/Game/Materials/NonMetal/Road_Slab_1.Road_Slab_1","20","22","6","1","303.971985","0","170"
"/Game/Materials/Plastic/BlackPlastic.BlackPlastic","20","13","2","1","163.959381","0","55"
"/Game/Materials/Plastic/OrangePlastic.OrangePlastic","20","19","4","1","257.777832","0","151"
"/Game/OP_Dop/BP/Materials/Stainless_Steel.Stainless_Steel","20","25","1","1","330.918579","0","228"
"/Game/cupboard/ZRU_1000/RAL_9003_001.RAL_9003_001","20","25","13","1","164.999435","0","174"
"/Game/Animation/VL110/Cable_Ice.Cable_Ice","20","25","13","1","0.000000","0","174"
"/Game/MyContent/Dynamic/Mech/Stainless_Steel.Stainless_Steel","20","25","13","1","0.000000","0","174"
"/Game/StaticObject/DopObject/Interior/Phone/Cisco_Phone_CP_6941_red.Cisco_Phone_CP_6941_red","20","25","13","1","0.000000","0","174"
"/AnimationSharing/AnimSharingBase.AnimSharingBase","20","25","13","1","0.000000","0","174"
"/Game/GDXR_VR_Template/Materials/WidgetMaterials/M_GazeSpinner.M_GazeSpinner","20","11","3","1","16.898743","0","67"
"/Game/Materials/RalMats/RAL_2008.RAL_2008","20","13","2","1","175.722061","0","94"
"/Game/Materials/RalMats/RAL_6024.RAL_6024","20","22","2","1","136.683533","0","263"
"/Game/Materials/RalMats/RAL_9011.RAL_9011","20","22","2","1","0.000000","0","263"
"/Game/Materials/Plastic/GrayPlastic.GrayPlastic","20","19","1","1","264.897888","0","201"
"/Game/Materials/RalMats/RAL_2011.RAL_2011","20","13","2","1","0.000000","0","94"
"/Game/Materials/RalMats/RAL_1021.RAL_1021","20","22","2","1","0.000000","0","263"
"/Interchange/gltf/M_Transmission.M_Transmission","20","44","3","2","635.546448","0","460"
"/Game/StaticObject/18_Cable/Isolated_Cable.Isolated_Cable","20","22","13","1","127.034607","0","166"
"/Game/Materials/NonMetal/Concrete_Foundation.Concrete_Foundation","20","22","1","1","309.080170","0","152"
"/Engine/VREditor/SnapGrid/SnapGridMaterial.SnapGridMaterial","20","12","5","1","33.060146","0","45"
"/ControlRig/Controls/ControlRigGizmoMaterial.ControlRigGizmoMaterial","20","3","3","1","10.300389","0","3"
"/Game/VRE/Grippables/Weapons/Misc/Slicer/01_-_Defaultg.01_-_Defaultg","20","13","1","1","170.604614","0","65"
"/Game/UltraDynamicSky/Materials/Weather/Radial_Storm_Cloud_Draw.Radial_Storm_Cloud_Draw","20","8","6","2","21.671034","0","18"
"/Game/Materials/NonMetal/Concrete_Area_snow.Concrete_Area_snow","20","22","1","1","307.311096","0","272"
"/Game/cupboard/RAS/Material_006.Material_006","20","16","2","1","169.829437","0","141"
"/Game/StaticObject/VL110/NewFolder/Cable_Ice.Cable_Ice","20","25","1","1","332.582672","0","163"
"/Game/Materials/NonMetal/Isolator_Glass.Isolator_Glass","20","19","3","1","264.973877","0","128"
"/Game/Materials/NonMetal/Ground_Gravel.Ground_Gravel","20","22","3","1","294.016541","0","105"
"/Game/UltraDynamicSky/Materials/Weather/WOV_Target_Brush.WOV_Target_Brush","20","4","1","1","8.446347","0","13"
"/Game/Materials/Cable/GophraCable.GophraCable","20","13","1","1","185.926620","0","53"
"/Game/cupboard/Materials/Lable_Material.Lable_Material","20","13","1","1","170.890610","0","88"
"/Engine/VREditor/Devices/Generic/GenericHMDMaterial.GenericHMDMaterial","20","13","1","1","167.607971","0","89"
"/Game/BP/cupboard/Materials/Lable_Material.Lable_Material","20","13","3","1","157.734314","0","33"
"/Game/VRE/Grippables/Misc/Examples/Door/defaultMat.defaultMat","20","13","2","1","166.376816","0","98"
"/Game/UltraDynamicSky/Materials/Weather/Brush_Visualize_Wireframe.Brush_Visualize_Wireframe","20","7","4","1","20.190474","0","23"
"/Game/Materials/RalMats/RAL_7036.RAL_7036","20","34","1","1","458.028412","0","472"
"/Game/VR_Inventorys/VRTemplate/Materials/M_DefaultRibbonMaterial_NoGradient.M_DefaultRibbonMaterial_NoGradient","20","18","3","1","54.340214","0","178"
"/Game/UltraDynamicSky/Materials/Weather/Dust_ParticleMat.Dust_ParticleMat","20","16","10","2","105.986015","32","124"
"/Game/Materials/RalMats/RAL_3020.RAL_3020","20","34","20","1","174.398575","0","266"
"/Game/Materials/RalMats/RAL_9003.RAL_9003","20","34","20","1","0.000000","0","266"
"/Game/GDXR_VR_Template/Materials/SolidColours/M_Red.M_Red","20","3","1","1","8.730744","0","8"
"/Game/GDXR_VR_Template/Materials/M_SimpleSkyMaterial.M_SimpleSkyMaterial","20","3","3","1","8.665315","0","3"
"/Game/Materials/NonMetal/Road_Slab.Road_Slab","20","22","2","1","285.152527","0","187"
"/Engine/EngineMaterials/RemoveSurfaceMaterial.RemoveSurfaceMaterial","20","3","1","1","9.081874","0","8"
"/Game/UltraDynamicSky/Materials/Material_Instances/Water_Caustics_LightFunction.Water_Caustics_LightFunction","20","17","5","1","30.488037","0","142"
"/Interchange/Materials/UnlitMaterial.UnlitMaterial","20","3","1","1","0.000000","0","8"
"/Game/GDXR_VR_Template/Materials/SolidColours/M_Metal.M_Metal","20","22","2","1","279.779572","0","272"
"/Game/GDXR_VR_Template/Materials/SolidColours/M_SolidColourMaster.M_SolidColourMaster","20","22","2","1","0.000000","0","272"
"/SpeedTreeImporter/SpeedTree9/SpeedTreeBillboardMaster.SpeedTreeBillboardMaster","20","56","1","1","503.995880","0","1643"
"/Engine/VREditor/BasicMeshes/M_Floor_01.M_Floor_01","20","22","2","1","308.464142","0","246"
"/Game/VRTemplate/Materials/M_Projectile.M_Projectile","20","13","1","1","175.497772","0","67"
"/Game/VRE/Misc/Meshes/CubeMaterial.CubeMaterial","20","22","1","1","283.120941","0","207"
"/Game/GDXR_VR_Template/Materials/NewMaterial.NewMaterial","20","3","3","1","8.741817","0","3"
"/Game/UltraDynamicSky/Materials/Weather/Heat_Distortion.Heat_Distortion","20","5","5","1","11.917140","0","9"
"/Interchange/Materials/SubsurfaceMaterial_MR.SubsurfaceMaterial_MR","20","13","1","1","163.270264","0","57"
"/Game/GDXR_VR_Template/DemoContent/ExampleContent/Materials/M_ShinyPlastic.M_ShinyPlastic","20","56","1","1","714.752136","0","1226"
"/Interchange/Materials/PBRSurfaceMaterial_MR.PBRSurfaceMaterial_MR","20","13","1","1","196.938217","0","66"
"/Game/UltraDynamicSky/Materials/Weather/Rainbow_Mat.Rainbow_Mat","20","18","9","2","86.714027","18","141"
"/Game/GDXR_VR_Template/Materials/ParticleMaterials/M_MuzzleFlash.M_MuzzleFlash","20","11","7","1","31.230671","0","32"
"/Game/UltraDynamicSky/Materials/2D_Cloud_Shadows.2D_Cloud_Shadows","20","34","7","2","62.897633","0","191"
"/DatasmithContent/Materials/FBXImporter/VRED/MetallicCarpaint.MetallicCarpaint","20","13","2","1","168.447067","0","36"
"/Game/UltraDynamicSky/Materials/Material_Functions/UDS_Basic_LightFunction.UDS_Basic_LightFunction","20","17","4","1","24.993099","0","125"
"/Game/UltraDynamicSky/Materials/Weather/Splash_ParticleMat_Translucent.Splash_ParticleMat_Translucent","20","50","3","1","172.597351","0","717"
"/Game/GDXR_VR_Template/DemoContent/ExampleContent/Materials/M_Metal_Lighter.M_Metal_Lighter","20","34","1","1","448.593842","0","592"
"/Game/Materials/Plastic/GreenPoint.GreenPoint","20","28","3","1","217.721161","0","383"
"/Game/UltraDynamicSky/Materials/Weather/Screen_Droplets.Screen_Droplets","20","5","3","1","23.229301","10","37"
"/Game/UltraDynamicSky/Materials/Weather/DLWE_Brush.DLWE_Brush","20","12","6","3","30.680111","0","31"
"/Interchange/Materials/PBRSurfaceMaterial_SG.PBRSurfaceMaterial_SG","20","13","3","1","189.704514","0","63"
"/Engine/EngineMaterials/EmissiveMeshMaterial.EmissiveMeshMaterial","20","6","2","1","15.649688","0","24"
"/ControlRig/M_Manip.M_Manip","20","9","3","1","20.914722","0","37"
"/Engine/EngineMaterials/M_InvalidLightmapSettings.M_InvalidLightmapSettings","20","26","4","1","342.552002","0","350"
"/Engine/EngineMaterials/FlattenMaterial_VT.FlattenMaterial_VT","20","34","3","1","472.428009","0","609"
"/Engine/EngineMaterials/FlattenMaterial.FlattenMaterial","20","34","3","1","0.000000","0","623"
"/Interchange/Materials/ClearCoatMaterial_SG.ClearCoatMaterial_SG","20","13","1","1","180.059860","0","43"
"/Engine/EngineDebugMaterials/M_VolumeRenderSphereTracePP.M_VolumeRenderSphereTracePP","20","5","1","1","10.971351","0","19"
"/Engine/EngineMaterials/NaniteHiddenSectionMaterial.NaniteHiddenSectionMaterial","20","26","2","1","207.368454","0","326"
"/Engine/VREditor/TransformGizmo/TransformGizmoMaterial.TransformGizmoMaterial","20","3","3","1","10.151693","0","5"
"/Game/GDXR_VR_Template/Materials/WidgetMaterials/M_Widget3DPassThroughDisabledDepth.M_Widget3DPassThroughDisabledDepth","20","4","4","1","12.456887","0","7"
"/Game/StaticObject/Gloves/glove_DefaultMaterial_BaseColor_Mat.glove_DefaultMaterial_BaseColor_Mat","20","16","1","1","182.746323","0","134"
"/Engine/EngineMaterials/DefaultPostProcessMaterial.DefaultPostProcessMaterial","20","7","5","1","16.455498","0","20"
"/Interchange/Materials/SheenMaterial_SG.SheenMaterial_SG","20","13","5","1","167.211319","0","44"
"/Engine/EngineMaterials/FlattenMaterial_WS_Normal_VT.FlattenMaterial_WS_Normal_VT","20","34","4","1","451.299835","0","364"
"/Game/Materials/POM_Materials/Grass.Grass","20","22","3","1","327.439148","22","121"
"/Game/UltraDynamicSky/Materials/Weather/Splash_Droplet_Particle_Translucent.Splash_Droplet_Particle_Translucent","20","38","1","1","132.366791","0","556"
"/Game/BP/cupboard/Props/meter-regulator1.meter-regulator1","20","13","4","1","203.708252","0","31"
"/Interchange/Materials/SubsurfaceMaterial_SG.SubsurfaceMaterial_SG","20","13","6","1","177.631592","0","67"
"/Game/GDXR_VR_Template/VRSpectator/Material.Material","20","3","1","1","9.016629","0","8"
"/SpeedTreeImporter/SpeedTree9/SpeedTreeMaster.SpeedTreeMaster","20","82","4","1","805.069580","0","2383"
"/Game/UltraDynamicSky/Materials/Weather/Post_Process_Wind_Fog.Post_Process_Wind_Fog","20","5","3","1","21.939138","15","52"
"/Game/GDXR_VR_Template/DemoContent/ExampleContent/Materials/M_Metal.M_Metal","20","44","1","1","570.516663","0","402"
"/Interchange/Materials/ThinTranslucentMaterial_MR.ThinTranslucentMaterial_MR","20","19","2","1","272.198090","0","80"
"/Game/GDXR_VR_Template/Materials/M_TeleportNoise.M_TeleportNoise","20","11","11","1","35.543182","0","18"
"/Game/UltraDynamicSky/Materials/Weather/Lightning_Rainfall_Particle.Lightning_Rainfall_Particle","20","18","1","1","191.353989","36","523"
"/Game/GDXR_VR_Template/Materials/M_DefaultRibbonMaterial_NoGradient.M_DefaultRibbonMaterial_NoGradient","20","18","4","1","55.625824","0","105"
"/Engine/EngineMaterials/DefaultMaterial.DefaultMaterial","20","128","1","1","1740.919800","0","6474"
"/Game/UltraDynamicSky/Materials/VolumetricCloud_LightRay.VolumetricCloud_LightRay","20","18","7","1","176.423981","18","293"
"/Paper2D/DefaultSpriteMaterial.DefaultSpriteMaterial","20","44","18","2","148.644699","0","484"
"/Engine/EngineMaterials/DefaultDeferredDecalMaterial.DefaultDeferredDecalMaterial","20","89","5","1","411.795898","0","1778"
"/Game/GDXR_VR_Template/Materials/M_TeleportCylinder.M_TeleportCylinder","20","17","2","1","49.158260","0","82"
"/Game/UltraDynamicSky/Materials/Weather/Lightning_Light_Rays_Card.Lightning_Light_Rays_Card","20","8","3","1","24.792402","0","33"
"/Engine/EditorLandscapeResources/SplineEditorMeshMat.SplineEditorMeshMat","20","12","1","1","33.501781","0","38"
"/Interchange/Materials/SheenMaterial_MR.SheenMaterial_MR","20","13","2","1","156.822754","0","46"
"/Engine/EditorMaterials/PhAT_UnselectedMaterial.PhAT_UnselectedMaterial","20","4","4","1","9.946930","0","7"
"/Engine/EditorMaterials/PhAT_NoCollisionMaterial.PhAT_NoCollisionMaterial","20","4","4","1","10.178033","0","6"
"/MeshModelingToolset/Materials/M_DynamicMeshComponentVtxColor.M_DynamicMeshComponentVtxColor","20","17","3","1","181.567993","0","100"
"/Game/UltraDynamicSky/Materials/Weather/Splash_Droplet_Particle.Splash_Droplet_Particle","20","43","3","1","150.601227","0","295"
"/Game/OP_Dop/KRUN/Materials/??????_VF12_600x1000??_Mat.??????_VF12_600x1000??_Mat","20","19","1","1","104.778839","0","185"
"/Engine/EditorMaterials/Camera/CineMat.CineMat","20","26","1","1","328.587616","0","132"
"/Game/Materials/NonMetal/Ground_Gravel_snow.Ground_Gravel_snow","20","22","6","1","309.847015","0","177"
"/Interchange/Materials/ThinTranslucentMaterial_SG.ThinTranslucentMaterial_SG","20","19","1","1","267.497070","0","145"
"/Engine/EngineMaterials/DefaultLightFunctionMaterial.DefaultLightFunctionMaterial","20","17","3","1","23.727615","0","83"
"/Game/Materials/NonMetal/Road_Slab_1_snow.Road_Slab_1_snow","20","22","4","1","282.899475","0","115"
"/Engine/EngineMaterials/PhAT_JointLimitMaterial.PhAT_JointLimitMaterial","20","9","7","1","22.712902","0","37"
"/Game/StaticObject/18_Cable/profiled_sheet.profiled_sheet","20","22","5","1","303.204468","0","119"
"/Game/UltraDynamicSky/Materials/Global_Volumetric_Fog.Global_Volumetric_Fog","20","100","5","2","1500.234375","300","2936"
"/Game/UltraDynamicSky/Materials/Space/Space_Planet_Glow_Mat.Space_Planet_Glow_Mat","20","22","5","1","100.717598","0","98"
"/Game/UltraDynamicSky/Materials/Cloud_Fog_PostProcess.Cloud_Fog_PostProcess","20","5","2","1","33.448601","15","51"
"/Interchange/Materials/PhongSurfaceMaterial.PhongSurfaceMaterial","20","13","2","1","198.689804","0","40"
"/Engine/EditorMaterials/PreviewShadowIndicatorMaterial.PreviewShadowIndicatorMaterial","20","17","7","1","29.484619","0","75"
"/Game/OP_Dop/BP/ZRU_SWITCH/New/TextMaterial_RedLight.TextMaterial_RedLight","20","28","8","1","226.954086","0","175"
"/Game/OP_Dop/BP/Materials/T_AVMeter.T_AVMeter","20","13","3","1","177.719955","0","60"
"/Game/cupboard/Cupboar_Element/SET-4TM.SET-4TM","20","13","3","1","0.000000","0","60"
"/Game/BP/cupboard/Materials/Conductor.Conductor","20","13","3","1","0.000000","0","60"
"/Game/BP/Not_Include/Material_014.Material_014","20","13","3","1","0.000000","0","60"
"/Game/BP/cupboard/Schemes/1Y_Scheme.1Y_Scheme","20","13","1","1","0.000000","0","63"
"/Game/DIsp_Name/Textures/064_disp_name_Mat.064_disp_name_Mat","20","13","3","1","0.000000","0","60"
"/Game/DIsp_Name/Textures/006_disp_name_Mat.006_disp_name_Mat","20","13","3","1","0.000000","0","60"
"/Game/cupboard/ZRU_650/650_OL/TextureDoorUP_Front_Mat.TextureDoorUP_Front_Mat","20","13","3","1","0.000000","0","60"
"/Game/BP/cupboard/Materials/RPN1.RPN1","20","13","3","1","0.000000","0","60"
"/Game/DIsp_Name/Textures/119_disp_name_Mat.119_disp_name_Mat","20","13","3","1","0.000000","0","60"
"/Game/Materials/Logo/????????_???_Mat.????????_???_Mat","20","13","3","1","0.000000","0","60"
"/Game/DIsp_Name/Textures/027_disp_name_Mat.027_disp_name_Mat","20","13","3","1","0.000000","0","60"
"/Game/DIsp_Name/Textures/053_disp_name_Mat.053_disp_name_Mat","20","13","3","1","0.000000","0","60"
"/Game/BP/cupboard/Props/M_Bresler_OL_297x221mm.M_Bresler_OL_297x221mm","20","13","3","1","0.000000","0","60"
"/Game/DIsp_Name/Textures/017_disp_name_Mat.017_disp_name_Mat","20","13","3","1","0.000000","0","60"
"/Game/DIsp_Name/Textures/047_disp_name_Mat.047_disp_name_Mat","20","13","3","1","0.000000","0","60"
"/Game/DIsp_Name/Textures/045_disp_name_Mat.045_disp_name_Mat","20","13","3","1","0.000000","0","60"
"/Game/DIsp_Name/Textures/066_disp_name_Mat.066_disp_name_Mat","20","13","3","1","0.000000","0","60"
"/Game/cupboard/Materials/Bresler.Bresler","20","13","3","1","0.000000","0","60"
"/Game/DIsp_Name/Textures/094_disp_name_Mat.094_disp_name_Mat","20","13","3","1","0.000000","0","60"
"/Game/DIsp_Name/Textures/126_disp_name_Mat.126_disp_name_Mat","20","13","3","1","0.000000","0","60"
"/Game/DIsp_Name/Textures/024_disp_name_Mat.024_disp_name_Mat","20","13","3","1","0.000000","0","60"
"/Game/DIsp_Name/Textures/117_disp_name_Mat.117_disp_name_Mat","20","13","3","1","0.000000","0","60"
"/Game/DIsp_Name/Textures/043_disp_name_Mat.043_disp_name_Mat","20","13","3","1","0.000000","0","60"
"/Game/OP_Dop/BP/ZRU_SWITCH/New/M_VMetr_PZ195U.M_VMetr_PZ195U","20","13","3","1","0.000000","0","60"
"/Game/DIsp_Name/Textures/111_disp_name_Mat.111_disp_name_Mat","20","13","3","1","0.000000","0","60"
"/Game/DIsp_Name/Textures/104_disp_name_Mat.104_disp_name_Mat","20","13","3","1","0.000000","0","60"
"/Game/DIsp_Name/Textures/014_disp_name_Mat.014_disp_name_Mat","20","13","2","1","0.000000","0","63"
"/Game/DIsp_Name/Textures/009_disp_name_Mat.009_disp_name_Mat","20","13","3","1","0.000000","0","60"
"/Game/DIsp_Name/Textures/010_disp_name_Mat.010_disp_name_Mat","20","13","3","1","0.000000","0","60"
"/Game/DIsp_Name/Textures/081_disp_name_Mat.081_disp_name_Mat","20","13","3","1","0.000000","0","60"
"/Game/DIsp_Name/Textures/036_disp_name_Mat.036_disp_name_Mat","20","13","3","1","0.000000","0","60"
"/Game/Materials/Logo/OPU/??????_???_Mat.??????_???_Mat","20","13","3","1","0.000000","0","60"
"/Game/OP_Dop/Schem_OPU/M_Schem_OPU.M_Schem_OPU","20","13","1","1","0.000000","0","63"
"/Game/OP_Dop/BP/ZRU_SWITCH/M_kV_Digital.M_kV_Digital","20","13","3","1","0.000000","0","60"
"/Game/DIsp_Name/Textures/016_disp_name_Mat.016_disp_name_Mat","20","13","3","1","0.000000","0","60"
"/Game/DIsp_Name/Textures/099_disp_name_Mat.099_disp_name_Mat","20","13","3","1","0.000000","0","60"
"/Game/DIsp_Name/Textures/015_disp_name_Mat.015_disp_name_Mat","20","13","3","1","0.000000","0","60"
"/Game/DIsp_Name/Textures/112_disp_name_Mat.112_disp_name_Mat","20","13","3","1","0.000000","0","60"
"/Game/DIsp_Name/Textures/074_disp_name_Mat.074_disp_name_Mat","20","13","3","1","0.000000","0","60"
"/Game/DIsp_Name/Textures/114_disp_name_Mat.114_disp_name_Mat","20","13","3","1","0.000000","0","60"
"/Game/DIsp_Name/Textures/031_disp_name_Mat.031_disp_name_Mat","20","13","3","1","0.000000","0","60"
"/Game/DIsp_Name/Textures/011_disp_name_Mat.011_disp_name_Mat","20","13","1","1","0.000000","0","63"
"/Game/DIsp_Name/Textures/121_disp_name_Mat.121_disp_name_Mat","20","13","3","1","0.000000","0","60"
"/Game/DIsp_Name/Textures/086_disp_name_Mat.086_disp_name_Mat","20","13","3","1","0.000000","0","60"
"/Game/DIsp_Name/Textures/084_disp_name_Mat.084_disp_name_Mat","20","13","3","1","0.000000","0","60"
"/Game/DIsp_Name/Textures/106_disp_name_Mat.106_disp_name_Mat","20","13","3","1","0.000000","0","60"
"/Game/DIsp_Name/Textures/127_disp_name_Mat.127_disp_name_Mat","20","13","3","1","0.000000","0","60"
"/Game/DIsp_Name/Textures/046_disp_name_Mat.046_disp_name_Mat","20","13","3","1","0.000000","0","60"
"/Game/OP_Dop/BP/ZRU_SWITCH/M_mA_Digital.M_mA_Digital","20","13","3","1","0.000000","0","60"
"/Game/Materials/Logo/OPU/????????_???_Mat.????????_???_Mat","20","13","3","1","0.000000","0","60"
"/Game/DIsp_Name/Textures/091_disp_name_Mat.091_disp_name_Mat","20","13","3","1","0.000000","0","64"
"/Game/DIsp_Name/Textures/033_disp_name_Mat.033_disp_name_Mat","20","13","1","1","0.000000","0","63"
"/Game/DIsp_Name/Textures/122_disp_name_Mat.122_disp_name_Mat","20","13","3","1","0.000000","0","60"
"/Game/DIsp_Name/Textures/079_disp_name_Mat.079_disp_name_Mat","20","13","3","1","0.000000","0","60"
"/Game/BP/cupboard/Props/?_Bresler_297x221mm_Mat_V2.?_Bresler_297x221mm_Mat_V2","20","13","3","1","0.000000","0","60"
"/Game/OP_Dop/BP/ZRU_SWITCH/New/M_AMetr_PZ195U.M_AMetr_PZ195U","20","13","3","1","0.000000","0","60"
"/Game/DIsp_Name/Textures/026_disp_name_Mat.026_disp_name_Mat","20","13","3","1","0.000000","0","60"
"/Game/DIsp_Name/Textures/097_disp_name_Mat.097_disp_name_Mat","20","13","3","1","0.000000","0","60"
"/Game/DIsp_Name/Textures/102_disp_name_Mat.102_disp_name_Mat","20","13","3","1","0.000000","0","60"
"/Game/DIsp_Name/Textures/130_disp_name_Mat.130_disp_name_Mat","20","13","3","1","0.000000","0","60"
"/Game/DIsp_Name/Textures/089_disp_name_Mat.089_disp_name_Mat","20","13","3","1","0.000000","0","60"
"/Game/BP/cupboard/Props/?_Bresler_297x221mm_Mat.?_Bresler_297x221mm_Mat","20","13","3","1","0.000000","0","60"
"/Game/Materials/Logo/??????_???_Mat.??????_???_Mat","20","13","3","1","0.000000","0","60"
"/Game/cupboard/RAS/?????????????_Mat.?????????????_Mat","20","13","3","1","0.000000","0","60"
"/Game/DIsp_Name/Textures/071_disp_name_Mat.071_disp_name_Mat","20","13","3","1","0.000000","0","60"
"/Game/DIsp_Name/Textures/107_disp_name_Mat.107_disp_name_Mat","20","13","3","1","0.000000","0","60"
"/Game/DIsp_Name/Textures/018_disp_name_Mat.018_disp_name_Mat","20","13","3","1","0.000000","0","60"
"/Game/BP/cupboard/Props/M_Bresler_297x297mm.M_Bresler_297x297mm","20","13","3","1","0.000000","0","60"
"/Game/BP/cupboard/Props/M_Bresler_297x521mm.M_Bresler_297x521mm","20","13","2","1","0.000000","0","63"
"/Game/BP/cupboard/Props/M_Bresler_297x417mm.M_Bresler_297x417mm","20","13","3","1","0.000000","0","60"
"/Game/OP_Dop/KRUN/Materials/M_KRUN_OFF.M_KRUN_OFF","20","13","3","1","0.000000","0","60"
"/Game/DIsp_Name/Textures/058_disp_name_Mat.058_disp_name_Mat","20","13","3","1","0.000000","0","60"
"/Game/DIsp_Name/Textures/065_disp_name_Mat.065_disp_name_Mat","20","13","3","1","0.000000","0","60"
"/Game/DIsp_Name/Textures/039_disp_name_Mat.039_disp_name_Mat","20","13","3","1","0.000000","0","60"
"/Game/DIsp_Name/Textures/051_disp_name_Mat.051_disp_name_Mat","20","13","3","1","0.000000","0","60"
"/Game/DIsp_Name/Textures/062_disp_name_Mat.062_disp_name_Mat","20","13","3","1","0.000000","0","60"
"/Game/DIsp_Name/Textures/013_disp_name_Mat.013_disp_name_Mat","20","13","3","1","0.000000","0","60"
"/Game/DIsp_Name/Textures/077_disp_name_Mat.077_disp_name_Mat","20","13","3","1","0.000000","0","60"
"/Game/StaticObject/DopObject/Poster_is_grounded/Zazemleno_Mat.Zazemleno_Mat","20","13","3","1","0.000000","0","60"
"/Game/DIsp_Name/Textures/098_disp_name_Mat.098_disp_name_Mat","20","13","3","1","0.000000","0","60"
"/Game/DIsp_Name/Textures/040_disp_name_Mat.040_disp_name_Mat","20","13","3","1","0.000000","0","60"
"/Game/DIsp_Name/Textures/028_disp_name_Mat.028_disp_name_Mat","20","13","1","1","0.000000","0","63"
"/Game/DIsp_Name/Textures/109_disp_name_Mat.109_disp_name_Mat","20","13","3","1","0.000000","0","60"
"/Game/DIsp_Name/Textures/120_disp_name_Mat.120_disp_name_Mat","20","13","3","1","0.000000","0","60"
"/Game/DIsp_Name/Textures/083_disp_name_Mat.083_disp_name_Mat","20","13","3","1","0.000000","0","60"
"/Game/DIsp_Name/Textures/044_disp_name_Mat.044_disp_name_Mat","20","13","3","1","0.000000","0","60"
"/Game/DIsp_Name/Textures/002_disp_name_Mat.002_disp_name_Mat","20","13","3","1","0.000000","0","60"
"/Game/DIsp_Name/Textures/090_disp_name_Mat.090_disp_name_Mat","20","13","3","1","0.000000","0","60"
"/Game/DIsp_Name/Textures/087_disp_name_Mat.087_disp_name_Mat","20","13","3","1","0.000000","0","60"
"/Game/DIsp_Name/Textures/063_disp_name_Mat.063_disp_name_Mat","20","13","3","1","0.000000","0","60"
"/Game/DIsp_Name/Textures/054_disp_name_Mat.054_disp_name_Mat","20","13","3","1","0.000000","0","60"
"/Game/OP_Dop/KRUN/Materials/M_KRUN_ON.M_KRUN_ON","20","13","3","1","0.000000","0","60"
"/Game/DIsp_Name/Textures/096_disp_name_Mat.096_disp_name_Mat","20","13","3","1","0.000000","0","60"
"/Game/DIsp_Name/Textures/021_disp_name_Mat.021_disp_name_Mat","20","13","3","1","0.000000","0","60"
"/Game/DIsp_Name/Textures/032_disp_name_Mat.032_disp_name_Mat","20","13","3","1","0.000000","0","60"
"/Game/DIsp_Name/Textures/022_disp_name_Mat.022_disp_name_Mat","20","13","3","1","0.000000","0","60"
"/Game/DIsp_Name/Textures/101_disp_name_Mat.101_disp_name_Mat","20","13","3","1","0.000000","0","60"
"/Game/DIsp_Name/Textures/059_disp_name_Mat.059_disp_name_Mat","20","13","3","1","0.000000","0","60"
"/Game/DIsp_Name/Textures/061_disp_name_Mat.061_disp_name_Mat","20","13","3","1","0.000000","0","60"
"/Game/DIsp_Name/Textures/052_disp_name_Mat.052_disp_name_Mat","20","13","3","1","0.000000","0","60"
"/Game/DIsp_Name/Textures/049_disp_name_Mat.049_disp_name_Mat","20","13","3","1","0.000000","0","60"
"/Game/DIsp_Name/Textures/056_disp_name_Mat.056_disp_name_Mat","20","13","3","1","0.000000","0","60"
"/Game/DIsp_Name/Textures/060_disp_name_Mat.060_disp_name_Mat","20","13","3","1","0.000000","0","60"
"/Game/DIsp_Name/Textures/113_disp_name_Mat.113_disp_name_Mat","20","13","3","1","0.000000","0","60"
"/Game/DIsp_Name/Textures/001_disp_name_Mat.001_disp_name_Mat","20","13","3","1","0.000000","0","60"
"/Game/DIsp_Name/Textures/035_disp_name_Mat.035_disp_name_Mat","20","13","3","1","0.000000","0","60"
"/Game/DIsp_Name/Textures/080_disp_name_Mat.080_disp_name_Mat","20","13","3","1","0.000000","0","60"
"/Game/DIsp_Name/Textures/050_disp_name_Mat.050_disp_name_Mat","20","13","3","1","0.000000","0","60"
"/Game/DIsp_Name/Textures/003_disp_name_Mat.003_disp_name_Mat","20","13","3","1","0.000000","0","60"
"/Game/OP_Dop/KRUN/Materials/M_KRUN_TABL_??????_?????.M_KRUN_TABL_??????_?????","20","13","3","1","0.000000","0","60"
"/Game/DIsp_Name/Textures/042_disp_name_Mat.042_disp_name_Mat","20","13","3","1","0.000000","0","60"
"/Game/DIsp_Name/Textures/008_disp_name_Mat.008_disp_name_Mat","20","13","3","1","0.000000","0","60"
"/Game/DIsp_Name/Textures/072_disp_name_Mat.072_disp_name_Mat","20","13","1","1","0.000000","0","63"
"/Game/DIsp_Name/Textures/088_disp_name_Mat.088_disp_name_Mat","20","13","3","1","0.000000","0","60"
"/Game/DIsp_Name/Textures/125_disp_name_Mat.125_disp_name_Mat","20","13","3","1","0.000000","0","60"
"/Game/DIsp_Name/Textures/076_disp_name_Mat.076_disp_name_Mat","20","13","3","1","0.000000","0","60"
"/Game/DIsp_Name/Textures/115_disp_name_Mat.115_disp_name_Mat","20","13","3","1","0.000000","0","60"
"/Game/DIsp_Name/Textures/075_disp_name_Mat.075_disp_name_Mat","20","13","3","1","0.000000","0","60"
"/Game/DIsp_Name/Textures/095_disp_name_Mat.095_disp_name_Mat","20","13","3","1","0.000000","0","60"
"/Game/DIsp_Name/Textures/057_disp_name_Mat.057_disp_name_Mat","20","13","3","1","0.000000","0","60"
"/Game/DIsp_Name/Textures/092_disp_name_Mat.092_disp_name_Mat","20","13","3","1","0.000000","0","60"
"/Game/DIsp_Name/Textures/123_disp_name_Mat.123_disp_name_Mat","20","13","3","1","0.000000","0","60"
"/Game/DIsp_Name/Textures/048_disp_name_Mat.048_disp_name_Mat","20","13","3","1","0.000000","0","60"
"/Game/DIsp_Name/Textures/034_disp_name_Mat.034_disp_name_Mat","20","13","3","1","0.000000","0","60"
"/Game/DIsp_Name/Textures/020_disp_name_Mat.020_disp_name_Mat","20","13","3","1","0.000000","0","60"
"/Game/DIsp_Name/Textures/025_disp_name_Mat.025_disp_name_Mat","20","13","3","1","0.000000","0","60"
"/Game/DIsp_Name/Textures/068_disp_name_Mat.068_disp_name_Mat","20","13","3","1","0.000000","0","60"
"/Game/DIsp_Name/Textures/100_disp_name_Mat.100_disp_name_Mat","20","13","3","1","0.000000","0","60"
"/Game/DIsp_Name/Textures/093_disp_name_Mat.093_disp_name_Mat","20","13","3","1","0.000000","0","60"
"/Game/DIsp_Name/Textures/037_disp_name_Mat.037_disp_name_Mat","20","13","3","1","0.000000","0","60"
"/Game/DIsp_Name/Textures/019_disp_name_Mat.019_disp_name_Mat","20","13","3","1","0.000000","0","60"
"/Game/DIsp_Name/Textures/105_disp_name_Mat.105_disp_name_Mat","20","13","3","1","0.000000","0","60"
"/Game/DIsp_Name/Textures/131_disp_name_Mat.131_disp_name_Mat","20","13","3","1","0.000000","0","60"
"/Game/DIsp_Name/Textures/005_disp_name_Mat.005_disp_name_Mat","20","13","3","1","0.000000","0","60"
"/Game/DIsp_Name/Textures/129_disp_name_Mat.129_disp_name_Mat","20","13","3","1","0.000000","0","60"
"/Game/DIsp_Name/Textures/128_disp_name_Mat.128_disp_name_Mat","20","13","3","1","0.000000","0","60"
"/Game/OP_Dop/KRUN/Materials/M_KRUN_TABL_??????_????????.M_KRUN_TABL_??????_????????","20","13","3","1","0.000000","0","60"
"/Game/DIsp_Name/Textures/085_disp_name_Mat.085_disp_name_Mat","20","13","3","1","0.000000","0","60"
"/Game/DIsp_Name/Textures/108_disp_name_Mat.108_disp_name_Mat","20","13","3","1","0.000000","0","60"
"/Game/cupboard/RAS/????????_?????????.????????_?????????","20","13","3","1","0.000000","0","60"
"/Game/DIsp_Name/Textures/030_disp_name_Mat.030_disp_name_Mat","20","13","3","1","0.000000","0","60"
"/Game/DIsp_Name/Textures/078_disp_name_Mat.078_disp_name_Mat","20","13","3","1","0.000000","0","60"
"/Game/OP_Dop/KRUN/Materials/M_KRUN_TABL_??????_??????.M_KRUN_TABL_??????_??????","20","13","3","1","0.000000","0","60"
"/Game/DIsp_Name/Textures/038_disp_name_Mat.038_disp_name_Mat","20","13","3","1","0.000000","0","60"
"/Game/DIsp_Name/Textures/103_disp_name_Mat.103_disp_name_Mat","20","13","3","1","0.000000","0","60"
"/Game/DIsp_Name/Textures/118_disp_name_Mat.118_disp_name_Mat","20","13","3","1","0.000000","0","60"
"/Game/DIsp_Name/Textures/070_disp_name_Mat.070_disp_name_Mat","20","13","3","1","0.000000","0","60"
"/Game/DIsp_Name/Textures/067_disp_name_Mat.067_disp_name_Mat","20","13","3","1","0.000000","0","60"
"/Game/DIsp_Name/Textures/041_disp_name_Mat.041_disp_name_Mat","20","13","3","1","0.000000","0","60"
"/Game/DIsp_Name/Textures/055_disp_name_Mat.055_disp_name_Mat","20","13","3","1","0.000000","0","60"
"/Game/DIsp_Name/Textures/073_disp_name_Mat.073_disp_name_Mat","20","13","3","1","0.000000","0","60"
"/Game/DIsp_Name/Textures/124_disp_name_Mat.124_disp_name_Mat","20","13","3","1","0.000000","0","60"
"/Game/DIsp_Name/Textures/116_disp_name_Mat.116_disp_name_Mat","20","13","3","1","0.000000","0","60"
"/Game/DIsp_Name/Textures/029_disp_name_Mat.029_disp_name_Mat","20","13","3","1","0.000000","0","60"
"/Game/DIsp_Name/Textures/069_disp_name_Mat.069_disp_name_Mat","20","13","3","1","0.000000","0","60"
"/Game/DIsp_Name/Textures/082_disp_name_Mat.082_disp_name_Mat","20","13","3","1","0.000000","0","60"
"/Game/DIsp_Name/Textures/023_disp_name_Mat.023_disp_name_Mat","20","13","3","1","0.000000","0","60"
"/Game/DIsp_Name/Textures/004_disp_name_Mat.004_disp_name_Mat","20","13","3","1","0.000000","0","60"
"/Game/DIsp_Name/Textures/007_disp_name_Mat.007_disp_name_Mat","20","13","3","1","0.000000","0","60"
"/Game/DIsp_Name/Textures/110_disp_name_Mat.110_disp_name_Mat","20","13","3","1","0.000000","0","60"
"/Game/DIsp_Name/Textures/012_disp_name_Mat.012_disp_name_Mat","20","13","3","1","0.000000","0","60"
"/Game/UltraDynamicSky/Materials/Weather/Projection_Box_Mask.Projection_Box_Mask","20","4","2","1","11.794219","0","11"
"/Engine/EngineMaterials/DefaultTextMaterialOpaque.DefaultTextMaterialOpaque","20","28","3","1","244.331772","0","314"
"/Game/UltraDynamicSky/Materials/Weather/Snow_Fade_Target_Mat.Snow_Fade_Target_Mat","20","3","3","1","9.951994","0","3"
"/Game/Materials/Logo/Logo.Logo","20","28","1","1","161.518494","0","433"
"/Game/BP/cupboard/Materials/SV_texture_Mat.SV_texture_Mat","20","19","1","1","0.000000","0","208"
"/Game/OP_Dop/KRUN/Materials/????????_????-6_125?287??_Mat.????????_????-6_125?287??_Mat","20","19","1","1","0.000000","0","208"
"/Game/BP/Door1264/AB_Mat.AB_Mat","20","19","1","1","0.000000","0","208"
"/Game/BP/Door1264/SHPT2_Mat.SHPT2_Mat","20","19","1","1","0.000000","0","208"
"/Game/BP/Door1264/SHPT1_Mat.SHPT1_Mat","20","19","1","1","0.000000","0","208"
"/Game/OP_Dop/KRUN/Materials/M_High_Voltage.M_High_Voltage","20","19","1","1","0.000000","0","208"
"/Game/Materials/Logo/OPU/?????????_??_?????_OPU_Mat.?????????_??_?????_OPU_Mat","20","19","1","1","0.000000","0","208"
"/Game/Materials/Logo/?????????_??_?????_Mat.?????????_??_?????_Mat","20","19","1","1","0.000000","0","208"
"/Game/BP/Door1264/SHPT3_Mat.SHPT3_Mat","20","19","1","1","0.000000","0","208"
"/Game/Materials/NonMetal/Concrete_Area.Concrete_Area","20","13","1","1","181.967606","0","61"
"/Game/UltraDynamicSky/Materials/Overcast_Turbulence.Overcast_Turbulence","20","9","10","1","25.160198","0","14"
"/Game/UltraDynamicSky/Materials/Weather/Wind_Debris.Wind_Debris","20","38","1","1","148.388107","0","776"
"/Game/UltraDynamicSky/Materials/Weather/Draw_Texture_Mat.Draw_Texture_Mat","20","3","3","1","10.425096","0","3"
"/Game/UltraDynamicSky/Materials/Weather/Projection_Box_Height.Projection_Box_Height","20","16","8","1","41.177055","0","123"
"/Game/BP/cupboard/Schemes/5Y.5Y","20","28","1","1","246.113464","0","381"
"/Game/BP/cupboard/Schemes/1Y.1Y","20","28","1","1","0.000000","0","381"
"/Game/BP/cupboard/Schemes/4Y.4Y","20","28","1","1","0.000000","0","381"
"/Game/cupboard/Schemes/2Y.2Y","20","28","1","1","0.000000","0","381"
"/Interchange/Materials/ClearCoatMaterial_MR.ClearCoatMaterial_MR","20","13","1","1","203.524078","0","45"
"/Game/VR_Inventorys/Slot_Materials/M_HLA_InventorySlot.M_HLA_InventorySlot","20","41","1","1","219.142136","0","760"
"/Game/VR_Inventorys/Slot_Materials/M_HLA_InventorySlotRed.M_HLA_InventorySlotRed","20","41","1","1","0.000000","0","760"
"/Game/GDXR_VR_Template/Materials/M_GrabFromDistance.M_GrabFromDistance","20","19","1","1","102.097206","0","97"
"/Game/UltraDynamicSky/Materials/Weather/Splash_ParticleMat.Splash_ParticleMat","20","55","7","1","178.251907","0","1295"
"/Game/GDXR_VR_Template/DemoContent/FPWeapon/Materials/M_FPGun.M_FPGun","20","66","2","1","581.715149","0","1726"
"/Game/UltraDynamicSky/Materials/Weather/Snow_ParticleMat.Snow_ParticleMat","20","50","1","1","359.391052","100","1528"
"/Game/BP/cupboard/Schemes/3Y.3Y","20","28","7","1","215.153763","0","131"
"/Game/UltraDynamicSky/Materials/Volumetric_Cloud_Shadows.Volumetric_Cloud_Shadows","20","34","9","2","135.504608","34","353"
"/Game/UltraDynamicSky/Materials/Weather/Fog_ParticleMat.Fog_ParticleMat","20","50","1","1","513.869446","100","1421"
"/Niagara/DefaultAssets/M_NiagaraUVDebug.M_NiagaraUVDebug","20","23","7","1","91.404198","0","218"
"/Engine/EngineSky/VolumetricClouds/m_SimpleVolumetricCloud.m_SimpleVolumetricCloud","20","69","1","1","561.065308","0","1070"
"/Interchange/Materials/OrenNayerMaterial.OrenNayerMaterial","20","14","4","1","210.284332","0","69"
"/Game/UltraDynamicSky/Materials/Weather/LightningBolt_ParticleMat.LightningBolt_ParticleMat","20","12","4","1","80.380890","12","93"
"/Engine/MapTemplates/Sky/M_Procedural_Sky_MASTER02.M_Procedural_Sky_MASTER02","20","22","1","1","312.014709","0","142"
"/Game/TrainingRoom/MainGuiControllerPic_Mat.MainGuiControllerPic_Mat","20","41","1","1","334.363007","0","303"
"/Game/UltraDynamicSky/Materials/Weather/LightningFlare_ParticleMat.LightningFlare_ParticleMat","20","18","9","1","200.333847","36","326"
"/Interchange/Materials/LambertSurfaceMaterial.LambertSurfaceMaterial","20","13","1","1","168.234741","0","50"
"/Game/VRE/Core/Character/LaserBeamSplineMat.LaserBeamSplineMat","20","17","1","1","42.486828","0","102"
"/Game/VRE/Core/Character/LaserBeamSplineGreen.LaserBeamSplineGreen","20","17","1","1","0.000000","0","102"
"/Game/Materials/POM_Materials/Snow.Snow","20","22","1","1","342.126678","22","115"
"/Game/Materials/POM_Materials/Snow_env.Snow_env","20","22","2","1","0.000000","22","113"
"/Game/UltraDynamicSky/Materials/Weather/Lightning_Glow.Lightning_Glow","20","18","2","1","134.781250","18","152"
"/Game/GDXR_VR_Template/DemoContent/ExampleContent/Materials/M_Battery.M_Battery","20","22","1","1","275.436371","0","225"
"/Game/BP/cupboard/Materials/Conductor_Emission.Conductor_Emission","20","13","7","1","179.776520","0","76"
"/Game/Materials/NonMetal/Concrete_Area1.Concrete_Area1","20","22","1","1","290.162109","0","177"
"/Game/MyContent/Hand/Material/M_Gloves.M_Gloves","20","31","5","1","367.277527","0","331"
"/Game/MyContent/Hand/Material/M_Gloves_R.M_Gloves_R","20","31","5","1","0.000000","0","354"
"/Game/cupboard/Cupboar_Element/Perf_Cable/perf_Mat.perf_Mat","20","28","1","1","204.598083","0","317"
"/Game/UltraDynamicSky/Materials/Lens_Flare.Lens_Flare","20","10","10","2","36.905602","10","40"
"/Engine/EngineMaterials/WorldGridMaterial.WorldGridMaterial","20","659","2","1","4988.597656","0","54291"
"/Game/Materials/Metal/Stainless_Steel.Stainless_Steel","20","40","7","1","471.355072","0","437"
"/Game/Materials/fency/barbed_wire/barbed_wire.barbed_wire","20","41","10","1","322.611725","0","469"
"/Game/UltraDynamicSky/Materials/Volumetric_Aurora.Volumetric_Aurora","20","54","7","1","297.700165","0","640"
"/Game/Materials/zazem/??????????_??????_Mat.??????????_??????_Mat","20","41","3","1","327.068329","0","356"
"/Game/cupboard/Voltage/VoltImage.VoltImage","20","28","3","1","0.000000","0","264"
"/Game/Materials/Metal/Metal_Notch.Metal_Notch","20","41","1","1","331.584564","0","275"
"/Game/Materials/Metal/Metal_Notch1.Metal_Notch1","20","41","3","1","336.054443","0","399"
"/Game/Materials/NonMetal/Isolator_Porcelain_Brown.Isolator_Porcelain_Brown","20","25","4","1","297.479065","0","168"
"/Game/cupboard/RAS/808_2_Mat.808_2_Mat","20","13","1","1","163.096420","0","33"
"/Game/GDXR_VR_Template/DemoContent/LyraWeapons/Generic/Materials/M_Weapon.M_Weapon","20","25","5","1","309.430145","0","111"
"/Game/Materials/NonMetal/Isolator_Porcelain_Gray.Isolator_Porcelain_Gray","20","34","1","1","439.321106","0","410"
"/Game/Materials/Metal/Alumin.Alumin","20","13","4","1","165.533020","0","45"
"/Game/Materials/RalMats/RAL_NEW/RAL_3020.RAL_3020","20","13","4","1","0.000000","0","45"
"/Game/Materials/RalMats/RAL_NEW/RAL_9011.RAL_9011","20","13","1","1","0.000000","0","49"
"/Game/Materials/RalMats/RAL_NEW/RAL_6024.RAL_6024","20","13","4","1","0.000000","0","45"
"/Game/Materials/RalMats/RAL_NEW/RAL_7036.RAL_7036","20","13","4","1","0.000000","0","45"
"/Game/Materials/RalMats/RAL_NEW/RAL_1021.RAL_1021","20","13","4","1","0.000000","0","50"
"/Game/Materials/Metal/Clear_Metal.Clear_Metal","20","34","4","1","287.295776","0","237"
"/Game/Materials/NonMetal/Metal_Copper.Metal_Copper","20","34","4","1","0.000000","0","232"
"/Game/Materials/RalMats/RAL_NEW/RAL_9003.RAL_9003","20","25","4","1","0.000000","0","172"
"/Game/StaticObject/DopObject/Interior/Phone/uvrap_ekran_Mat.uvrap_ekran_Mat","20","22","13","1","119.253296","0","79"
"/Game/StaticObject/02_OPU/Cupboard/Server/???????_Mat.???????_Mat","20","22","13","1","0.000000","0","79"
"/Game/Materials/fency/Fencing_NetOLD/Fencing_Net-opacity_Mat.Fencing_Net-opacity_Mat","20","41","6","1","331.067535","0","628"
"/Game/Materials/NonMetal/Ground_Rubble1.Ground_Rubble1","20","22","3","1","285.517212","0","106"
"/Game/BP/SkyPanorama/????????__Mat.????????__Mat","20","28","5","1","207.239624","0","188"
"/Game/Materials/Hand/LeftHand/HandLeft.HandLeft","20","25","2","1","317.598297","0","231"
"/Game/Materials/Hand/RightHand/HandRight.HandRight","20","25","2","1","0.000000","0","231"
"/Game/Materials/Hand/Gloves/Gloves_Mat.Gloves_Mat","20","25","2","1","0.000000","0","236"
"/Game/StaticObject/16_toilet/Toilet_Blue.Toilet_Blue","20","22","7","1","289.569641","0","197"
"/Game/StaticObject/16_toilet/Toilet_Top.Toilet_Top","20","22","7","1","0.000000","0","197"
"/Game/StaticObject/16_toilet/Door_Hang.Door_Hang","20","22","7","1","0.000000","0","197"
"/Game/StaticObject/16_toilet/Toilet_Door.Toilet_Door","20","22","7","1","0.000000","0","197"
"/Game/BP/SkyPanorama/????????__winter.????????__winter","20","28","8","1","200.358566","0","223"
"/Game/Materials/FloorIntheBuilding/FloorBuilding.FloorBuilding","20","38","5","1","319.342896","0","441"
"/Game/Materials/FloorIntheBuilding/FloorBuilding1.FloorBuilding1","20","38","5","1","0.000000","0","420"
"/Game/UltraDynamicSky/Materials/Weather/Stuck_Snow_Decal_Mat.Stuck_Snow_Decal_Mat","20","43","5","1","133.661453","0","512"
"/Game/UltraDynamicSky/Materials/Weather/Rain_Spot_Decal.Rain_Spot_Decal","20","55","8","1","259.592438","0","546"
"/Game/cupboard/Cupboar_Element/DIN_?????_material.DIN_?????_material","20","46","4","1","625.716309","0","254"
"/Game/UltraDynamicSky/Materials/Inside_Clouds_Fog_Particle.Inside_Clouds_Fog_Particle","20","138","1","1","2303.258789","414","10981"
"/Game/UltraDynamicSky/Materials/Weather/Rain_ParticleMat.Rain_ParticleMat","20","50","8","1","550.445679","100","766"
"Globals","49","5458","0","1","0.000000","0","0"
"/ControlRig/Controls/ControlRigGizmoMaterial.ControlRigGizmoMaterial","49","5","1","1","43.360165","0","19"
"/Engine/EngineDebugMaterials/DebugEditorMaterial.DebugEditorMaterial","49","8","2","1","84.583984","0","38"
"/MeshModelingToolset/Materials/M_DynamicMeshComponentVtxColor.M_DynamicMeshComponentVtxColor","49","20","1","1","106.029854","0","95"
"/Engine/EditorMaterials/PhAT_NoCollisionMaterial.PhAT_NoCollisionMaterial","49","6","6","1","10.067971","0","11"
"/Engine/EditorMaterials/PhAT_UnselectedMaterial.PhAT_UnselectedMaterial","49","6","2","1","8.400364","0","17"
"/Engine/EngineMaterials/GizmoMaterial.GizmoMaterial","49","8","1","1","13.542891","0","21"
"/Engine/EngineDebugMaterials/DebugMeshMaterial.DebugMeshMaterial","49","8","2","1","11.440757","0","26"
"/Engine/EngineMaterials/RemoveSurfaceMaterial.RemoveSurfaceMaterial","49","5","1","1","7.244134","0","19"
"/Engine/EngineMaterials/NaniteHiddenSectionMaterial.NaniteHiddenSectionMaterial","49","31","1","1","109.024696","0","502"
"/Engine/EngineDebugMaterials/M_SimpleUnlitTranslucent.M_SimpleUnlitTranslucent","49","6","1","1","9.039113","0","26"
"/Engine/EditorMaterials/Camera/CineMat.CineMat","49","32","4","1","236.734238","0","539"
"/ControlRig/Controls/ControlRigXRayMaterial.ControlRigXRayMaterial","49","11","6","1","5.504795","0","69"
"/Engine/EditorLandscapeResources/SplineEditorMeshMat.SplineEditorMeshMat","49","19","2","1","38.984673","0","206"
"/Engine/VREditor/TransformGizmo/Xray.Xray","49","16","1","1","103.108261","0","124"
"/Engine/VREditor/TransformGizmo/Main.Main","49","6","2","1","26.708628","0","24"
"/Engine/VREditor/TransformGizmo/TranslucentTransformGizmoMaterial.TranslucentTransformGizmoMaterial","49","6","4","1","21.465462","0","17"
"/Engine/EngineMaterials/DefaultLightFunctionMaterial.DefaultLightFunctionMaterial","49","28","9","1","58.622425","0","364"
"/Interchange/Materials/UnlitMaterial.UnlitMaterial","49","5","1","1","0.000000","0","19"
"/Game/OP_Dop/BP/Materials/M_Black_2.M_Black_2","49","16","1","1","93.315536","0","137"
"/Game/OP_Dop/BP/Materials/M_White.M_White","49","16","1","1","0.000000","0","124"
"/Game/OP_Dop/BP/Materials/M_Black.M_Black","49","16","1","1","0.000000","0","136"
"/Game/StaticObject/Cupboard/1-6Y/RAL_9003.RAL_9003","49","16","1","1","0.000000","0","124"
"/Game/cupboard/Materials/Green_Light.Green_Light","49","16","1","1","0.000000","0","124"
"/Game/UltraDynamicSky/Materials/Weather/WOV_Target_Brush.WOV_Target_Brush","49","6","1","1","9.019534","0","26"
"/Game/BP/cupboard/Materials/Red_Light_Emissive.Red_Light_Emissive","49","16","2","1","307.922119","0","72"
"/Game/StarterContent/Materials/M_Glass.M_Glass","49","36","1","1","56.907639","0","672"
"/Game/BP/cupboard/Materials/Orange_Light.Orange_Light","49","16","1","1","0.000000","0","124"
"/Game/OP_Dop/BP/Materials/Light_emessive.Light_emessive","49","16","1","1","94.652138","0","151"
"/Engine/BasicShapes/BasicShapeMaterial.BasicShapeMaterial","49","104","1","1","748.545227","0","5124"
"/Game/OP_Dop/BP/Materials/Stainless_Steel.Stainless_Steel","49","28","1","1","202.273346","0","433"
"/Game/BP/cupboard/Materials/Rubber.Rubber","49","16","1","1","0.000000","0","124"
"/Game/GDXR_VR_Template/Materials/SolidColours/M_ScreenFade.M_ScreenFade","49","12","1","1","11.352398","0","89"
"/Game/GDXR_VR_Template/Materials/M_VRCursor.M_VRCursor","49","5","1","1","9.576462","0","19"
"/Game/GDXR_VR_Template/Materials/M_HolsetMaterial.M_HolsetMaterial","49","9","1","1","12.857606","0","46"
"/Game/cupboard/Materials/RAL_9012.RAL_9012","49","16","1","1","0.000000","0","124"
"/Game/Materials/Plastic/GrayPlastic.GrayPlastic","49","22","1","1","156.336044","0","274"
"/Game/BP/cupboard/Materials/Green_Light_Emissive.Green_Light_Emissive","49","16","2","1","0.000000","0","72"
"/Game/cupboard/Materials/Red_Light.Red_Light","49","16","1","1","0.000000","0","124"
"/Game/StaticObject/01_transformer/RAL_3020.RAL_3020","49","16","1","1","0.000000","0","124"
"/Game/OP_Dop/BP/Materials/M_Body.M_Body","49","16","1","1","0.000000","0","124"
"/Game/BP/All_key/Stainless_Steel.Stainless_Steel","49","16","1","1","0.000000","0","136"
"/Game/Materials/Plastic/OrangePlastic.OrangePlastic","49","22","1","1","158.254822","0","274"
"/Game/Materials/Plastic/BlackPlastic.BlackPlastic","49","16","1","1","103.071632","0","151"
"/Game/cupboard/ZRU_1000/M_RED_002.M_RED_002","49","16","1","1","0.000000","0","124"
"/Game/BP/cupboard/Materials/RAL_9011.RAL_9011","49","16","1","1","0.000000","0","124"
"/Game/StaticObject/01_Transformator/?????_?_????_?????????.?????_?_????_?????????","49","16","1","1","0.000000","0","124"
"/Game/StaticObject/01_Transformator/???_?_????_?????????.???_?_????_?????????","49","16","1","1","0.000000","0","124"
"/Game/Materials/NonMetal/Isolator_Glass.Isolator_Glass","49","22","1","1","167.806229","0","274"
"/Game/BP/cupboard/Materials/Indicator.Indicator","49","16","1","1","0.000000","0","136"
"/Game/BP/cupboard/RAL_9003.RAL_9003","49","16","1","1","0.000000","0","124"
"/Game/OP_Dop/BP/Materials/M_Botton.M_Botton","49","16","1","1","0.000000","0","124"
"/Game/StaticObject/19_IronConcrete/RAL_7036.RAL_7036","49","16","1","1","0.000000","0","124"
"/Game/BP/cupboard/Props/Isolated_Cable.Isolated_Cable","49","16","1","1","0.000000","0","124"
"/Game/StaticObject/17_fence/RAL_9011.RAL_9011","49","16","1","1","0.000000","0","136"
"/Game/Animation/VL110/Cable_Ice.Cable_Ice","49","28","1","1","87.064026","0","418"
"/Game/VRE/Grippables/Misc/Examples/Microphone/black_mate_plastic.black_mate_plastic","49","16","1","1","0.000000","0","136"
"/Game/StaticObject/17_fence/RAL_9003.RAL_9003","49","16","1","1","0.000000","0","136"
"/Game/StaticObject/18_Cable/Isolated_Cable.Isolated_Cable","49","28","1","1","75.843575","0","418"
"/Game/Materials/Plastic/GreenPoint.GreenPoint","49","33","1","1","121.787712","0","540"
"/Game/OP_Dop/BP/ZRU_SWITCH/New/M_VMetr_PZ195U_BODY.M_VMetr_PZ195U_BODY","49","16","1","1","0.000000","0","136"
"/Game/StaticObject/DopObject/Interior/Phone/Cisco_Phone_CP_6941_red.Cisco_Phone_CP_6941_red","49","28","1","1","0.000000","0","418"
"/Game/VRE/Grippables/Weapons/Misc/Slicer/01_-_Defaultg.01_-_Defaultg","49","16","1","1","100.527878","0","141"
"/Game/StaticObject/19_IronConcrete/Concrete_Area.Concrete_Area","49","16","1","1","0.000000","0","136"
"/Game/StaticObject/19_IronConcrete/Concrete_Foundation.Concrete_Foundation","49","16","1","1","0.000000","0","136"
"/Game/cupboard/RAS/Material_006.Material_006","49","19","2","1","105.077042","0","196"
"/Game/cupboard/ZRU_Cell_DOOR/M_White_002.M_White_002","49","16","1","1","0.000000","0","136"
"/Game/BP/cupboard/Materials/Orange_Light_Emissive.Orange_Light_Emissive","49","16","2","1","0.000000","0","72"
"/Game/UltraDynamicSky/Materials/Weather/Radial_Storm_Cloud_Draw.Radial_Storm_Cloud_Draw","49","12","2","2","19.729324","0","52"
"/Game/cupboard/ZRU_1000/RAL_9003_001.RAL_9003_001","49","28","1","1","0.000000","0","418"
"/Game/GDXR_VR_Template/Materials/M_DefaultRibbonMaterial_NoGradient.M_DefaultRibbonMaterial_NoGradient","49","24","1","1","37.164772","0","323"
"/Engine/VREditor/Devices/Generic/GenericHMDMaterial.GenericHMDMaterial","49","16","1","1","95.260948","0","151"
"/Game/cupboard/Materials/Plastic.Plastic","49","16","1","1","0.000000","0","136"
"/Game/VR_Inventorys/VRTemplate/Materials/M_DefaultRibbonMaterial_NoGradient.M_DefaultRibbonMaterial_NoGradient","49","24","1","1","35.834873","0","309"
"/Game/StaticObject/DopObject/BlockKey/Material.Material","49","16","1","1","0.000000","0","136"
"/Game/MyContent/Dynamic/Mech/Stainless_Steel.Stainless_Steel","49","28","1","1","0.000000","0","418"
"/Game/MyContent/Dynamic/3/3_1/RAL_9003.RAL_9003","49","16","1","1","0.000000","0","136"
"/Game/BP/cupboard/Materials/Material_001.Material_001","49","16","1","1","0.000000","0","136"
"/Game/BP/cupboard/Materials/Material_010.Material_010","49","16","1","1","0.000000","0","136"
"/Game/BP/cupboard/Materials/Lable_Material.Lable_Material","49","16","1","1","94.106911","0","151"
"/Game/BP/cupboard/Materials/Display.Display","49","16","1","1","0.000000","0","136"
"/Game/BP/cupboard/Materials/Indicator_Emission.Indicator_Emission","49","16","2","1","0.000000","0","72"
"/Game/BP/cupboard/Materials/Material_007.Material_007","49","16","1","1","0.000000","0","136"
"/Game/BP/cupboard/Materials/Material_014.Material_014","49","16","1","1","0.000000","0","136"
"/Game/BP/Door1264/Color.Color","49","16","1","1","0.000000","0","136"
"/Game/BP/Door1264/Clear_Metal.Clear_Metal","49","16","1","1","0.000000","0","145"
"/Game/BP/Door1264/RAL_9011.RAL_9011","49","16","1","1","0.000000","0","136"
"/Game/OP_Dop/BP/ZRU_BUTTON/M_Black.M_Black","49","16","1","1","0.000000","0","136"
"/Game/StaticObject/VoltIndicator/Blue_Indicator.Blue_Indicator","49","16","1","1","0.000000","0","136"
"/Game/StaticObject/ScenarioObject/Camera/Material_001.Material_001","49","16","1","1","0.000000","0","136"
"/Game/StaticObject/ScenarioObject/Camera/Material_006.Material_006","49","16","1","1","0.000000","0","136"
"/Game/StaticObject/ScenarioObject/Camera/Material_002.Material_002","49","16","1","1","0.000000","0","136"
"/Game/StaticObject/ScenarioObject/Camera/Material.Material","49","16","1","1","0.000000","0","136"
"/Game/StaticObject/ScenarioObject/Camera/Material_005.Material_005","49","16","1","1","0.000000","0","145"
"/Game/StaticObject/ScenarioObject/Camera/Material_003.Material_003","49","16","1","1","0.000000","0","145"
"/Game/StaticObject/ScenarioObject/Camera/Material_004.Material_004","49","16","1","1","0.000000","0","145"
"/Game/BP/All_key/RAL_7036.RAL_7036","49","16","1","1","0.000000","0","145"
"/Game/BP/cupboard/Props/Stainless_Steel.Stainless_Steel","49","16","1","1","0.000000","0","145"
"/Game/StaticObject/17_fence/Rubber.Rubber","49","16","1","1","0.000000","0","145"
"/Game/VRE/Level/Car/VehicleBP/Sedan/Yellow.Yellow","49","16","1","1","0.000000","0","145"
"/Game/BP/Not_Include/Material_003.Material_003","49","16","1","1","0.000000","0","145"
"/Game/cupboard/Materials/RAL_9003.RAL_9003","49","16","1","1","0.000000","0","145"
"/Game/cupboard/Materials/Lable_Material.Lable_Material","49","16","1","1","90.507118","0","144"
"/Game/BP/All_key/TextPlace_Birka.TextPlace_Birka","49","16","1","1","0.000000","0","145"
"/Game/BP/All_key/Plastic.Plastic","49","16","1","1","0.000000","0","145"
"/Game/BP/cupboard/Props/Rubber.Rubber","49","16","1","1","0.000000","0","145"
"/Game/StaticObject/DopObject/Poster_is_grounded/Material_002.Material_002","49","16","1","1","0.000000","0","145"
"/Game/StaticObject/DopObject/Poster_is_grounded/Material.Material","49","16","1","1","0.000000","0","145"
"/Game/cupboard/RAS/Material_004.Material_004","49","16","1","1","0.000000","0","145"
"/Game/cupboard/RAS/Material.Material","49","16","1","1","0.000000","0","145"
"/Game/cupboard/RAS/Material_008.Material_008","49","16","1","1","0.000000","0","145"
"/Game/StaticObject/02_08_3_4_Block/02_08/Isolator_Porcelain_Gray.Isolator_Porcelain_Gray","49","16","1","1","0.000000","0","145"
"/Game/OP_Dop/KRUN/Materials/GREEN.GREEN","49","16","1","1","0.000000","0","145"
"/Game/OP_Dop/KRUN/Materials/WHITE.WHITE","49","16","1","1","0.000000","0","151"
"/Game/OP_Dop/KRUN/Materials/RED.RED","49","16","1","1","0.000000","0","151"
"/Game/cupboard/RAS/Material_007.Material_007","49","16","1","1","0.000000","0","151"
"/Game/VRTemplate/Materials/M_Projectile.M_Projectile","49","16","1","1","106.479591","0","151"
"/Game/VRE/Grippables/Misc/Examples/Door/defaultMat.defaultMat","49","16","1","1","102.292198","0","151"
"/Game/UltraDynamicSky/Materials/Weather/Brush_Visualize_Wireframe.Brush_Visualize_Wireframe","49","9","1","1","17.009592","0","58"
"/Game/VRE/Grippables/Misc/Examples/Button/Green.Green","49","16","2","1","0.000000","0","72"
"/Game/VRE/Misc/Meshes/CubeMaterial.CubeMaterial","49","28","1","1","183.746918","0","433"
"/Game/GDXR_VR_Template/Materials/SolidColours/M_Metal.M_Metal","49","28","1","1","166.919785","0","433"
"/Game/GDXR_VR_Template/Materials/M_SimpleSkyMaterial.M_SimpleSkyMaterial","49","5","1","1","8.549595","0","19"
"/Game/GDXR_VR_Template/Materials/SolidColours/M_SolidColourMaster.M_SolidColourMaster","49","28","1","1","0.000000","0","433"
"/Game/GDXR_VR_Template/Materials/SolidColours/M_Red.M_Red","49","5","1","1","9.299184","0","19"
"/Game/GDXR_VR_Template/DemoContent/ExampleContent/Materials/M_ShinyPlastic.M_ShinyPlastic","49","68","1","1","433.809967","0","2291"
"/Game/GDXR_VR_Template/Materials/NewMaterial.NewMaterial","49","5","1","1","9.043299","0","19"
"/Game/GDXR_VR_Template/DemoContent/ExampleContent/Materials/M_Metal.M_Metal","49","76","1","1","565.974487","0","2840"
"/AnimationSharing/AnimSharingBase.AnimSharingBase","49","28","1","1","0.000000","0","433"
"/Game/GDXR_VR_Template/DemoContent/ExampleContent/Materials/M_Metal_Lighter.M_Metal_Lighter","49","40","1","1","257.997070","0","821"
"/Game/UltraDynamicSky/Materials/Material_Functions/UDS_Basic_LightFunction.UDS_Basic_LightFunction","49","28","1","1","30.065720","0","433"
"/Engine/EngineMaterials/FlattenMaterial_WS_Normal_VT.FlattenMaterial_WS_Normal_VT","49","60","2","1","499.691223","0","1818"
"/Engine/EngineMaterials/FlattenMaterial_VT.FlattenMaterial_VT","49","60","1","1","518.312012","0","1839"
"/Engine/EngineMaterials/M_InvalidLightmapSettings.M_InvalidLightmapSettings","49","32","1","1","205.378326","0","515"
"/Engine/EngineMaterials/EmissiveMeshMaterial.EmissiveMeshMaterial","49","8","1","1","12.498924","0","43"
"/Engine/EngineMaterials/FlattenMaterial.FlattenMaterial","49","60","1","1","0.000000","0","1839"
"/ControlRig/M_Manip.M_Manip","49","11","1","1","16.355934","0","78"
"/Paper2D/DefaultSpriteMaterial.DefaultSpriteMaterial","49","56","3","2","86.232292","0","1075"
"/Engine/EngineMaterials/PhAT_JointLimitMaterial.PhAT_JointLimitMaterial","49","11","1","1","15.321596","0","73"
"/Engine/EngineDebugMaterials/M_VolumeRenderSphereTracePP.M_VolumeRenderSphereTracePP","49","6","1","1","6.660186","0","26"
"/Engine/VREditor/TransformGizmo/TransformGizmoMaterial.TransformGizmoMaterial","49","5","1","1","8.948093","0","19"
"/OpenXR/Devices/M_XRController.M_XRController","49","48","5","3","291.792053","0","440"
"/Engine/EngineMaterials/Widget3DPassThrough.Widget3DPassThrough","49","67","6","6","86.462730","0","604"
"/Game/GDXR_VR_Template/Materials/WidgetMaterials/M_Widget3DPassThrough.M_Widget3DPassThrough","49","6","1","1","0.000000","0","26"
"/Game/GDXR_VR_Template/Materials/WidgetMaterials/M_Widget3DPassThroughDisabledDepth.M_Widget3DPassThroughDisabledDepth","49","6","1","1","10.344215","0","26"
"/Engine/EngineMaterials/DefaultPostProcessMaterial.DefaultPostProcessMaterial","49","8","1","1","10.119862","0","43"
"/Engine/EngineMaterials/DefaultDeferredDecalMaterial.DefaultDeferredDecalMaterial","49","102","1","1","230.275803","0","5135"
"/Engine/EngineMaterials/DefaultMaterial.DefaultMaterial","49","155","1","1","1013.035706","0","11358"
"/Engine/EngineMaterials/WorldGridMaterial.WorldGridMaterial","49","879","5","1","3251.054932","0","313110"
"/Engine/EngineMaterials/DefaultTextMaterialOpaque.DefaultTextMaterialOpaque","49","33","1","1","120.513077","0","593"
"/Interchange/Materials/PhongSurfaceMaterial.PhongSurfaceMaterial","49","16","1","1","99.303299","0","151"
"/Game/OP_Dop/BP/ZRU_SWITCH/New/TextMaterial_RedLight.TextMaterial_RedLight","49","33","1","1","119.860413","0","622"
"/Engine/EditorMaterials/PreviewShadowIndicatorMaterial.PreviewShadowIndicatorMaterial","49","28","1","1","28.119886","0","433"
"/Game/DIsp_Name/Textures/034_disp_name_Mat.034_disp_name_Mat","49","16","1","1","100.908737","0","151"
"/Game/DIsp_Name/Textures/093_disp_name_Mat.093_disp_name_Mat","49","16","1","1","0.000000","0","151"
"/Game/DIsp_Name/Textures/037_disp_name_Mat.037_disp_name_Mat","49","16","1","1","0.000000","0","151"
"/Game/DIsp_Name/Textures/030_disp_name_Mat.030_disp_name_Mat","49","16","1","1","0.000000","0","151"
"/Game/DIsp_Name/Textures/078_disp_name_Mat.078_disp_name_Mat","49","16","1","1","0.000000","0","151"
"/Game/DIsp_Name/Textures/070_disp_name_Mat.070_disp_name_Mat","49","16","1","1","0.000000","0","151"
"/Game/DIsp_Name/Textures/067_disp_name_Mat.067_disp_name_Mat","49","16","1","1","0.000000","0","151"
"/Game/DIsp_Name/Textures/124_disp_name_Mat.124_disp_name_Mat","49","16","1","1","0.000000","0","151"
"/Game/Materials/Logo/Logo.Logo","49","34","1","1","91.971336","0","628"
"/Game/DIsp_Name/Textures/073_disp_name_Mat.073_disp_name_Mat","49","16","1","1","0.000000","0","151"
"/Game/Materials/NonMetal/Concrete_Area.Concrete_Area","49","16","1","1","101.354057","0","151"
"/Game/DIsp_Name/Textures/023_disp_name_Mat.023_disp_name_Mat","49","16","1","1","0.000000","0","151"
"/Game/DIsp_Name/Textures/004_disp_name_Mat.004_disp_name_Mat","49","16","1","1","0.000000","0","151"
"/Game/DIsp_Name/Textures/098_disp_name_Mat.098_disp_name_Mat","49","16","1","1","0.000000","0","151"
"/Game/DIsp_Name/Textures/022_disp_name_Mat.022_disp_name_Mat","49","16","1","1","0.000000","0","151"
"/Game/UltraDynamicSky/Materials/Weather/Projection_Box_Mask.Projection_Box_Mask","49","6","1","1","9.142135","0","26"
"/Game/UltraDynamicSky/Materials/Weather/Snow_Fade_Target_Mat.Snow_Fade_Target_Mat","49","5","1","1","7.489799","0","19"
"/Game/Materials/fency/barbed_wire/barbed_wire.barbed_wire","49","49","2","1","210.837112","0","1331"
"/Game/DIsp_Name/Textures/088_disp_name_Mat.088_disp_name_Mat","49","16","1","1","0.000000","0","151"
"/Game/DIsp_Name/Textures/019_disp_name_Mat.019_disp_name_Mat","49","16","1","1","0.000000","0","151"
"/Game/DIsp_Name/Textures/105_disp_name_Mat.105_disp_name_Mat","49","16","1","1","0.000000","0","151"
"/Game/DIsp_Name/Textures/085_disp_name_Mat.085_disp_name_Mat","49","16","1","1","0.000000","0","151"
"/Game/Materials/Metal/Stainless_Steel.Stainless_Steel","49","46","1","1","266.124878","0","1151"
"/Game/DIsp_Name/Textures/103_disp_name_Mat.103_disp_name_Mat","49","16","1","1","0.000000","0","151"
"/Game/DIsp_Name/Textures/118_disp_name_Mat.118_disp_name_Mat","49","16","1","1","0.000000","0","151"
"/Game/OP_Dop/KRUN/Materials/M_KRUN_TABL_??????_??????.M_KRUN_TABL_??????_??????","49","16","1","1","0.000000","0","151"
"/Game/DIsp_Name/Textures/038_disp_name_Mat.038_disp_name_Mat","49","16","1","1","0.000000","0","151"
"/Game/DIsp_Name/Textures/116_disp_name_Mat.116_disp_name_Mat","49","16","1","1","0.000000","0","151"
"/Game/DIsp_Name/Textures/082_disp_name_Mat.082_disp_name_Mat","49","16","1","1","0.000000","0","151"
"/Game/DIsp_Name/Textures/029_disp_name_Mat.029_disp_name_Mat","49","16","1","1","0.000000","0","151"
"/Game/DIsp_Name/Textures/069_disp_name_Mat.069_disp_name_Mat","49","16","1","1","0.000000","0","151"
"/Game/DIsp_Name/Textures/101_disp_name_Mat.101_disp_name_Mat","49","16","1","1","0.000000","0","151"
"/Game/DIsp_Name/Textures/059_disp_name_Mat.059_disp_name_Mat","49","16","1","1","0.000000","0","151"
"/Game/DIsp_Name/Textures/125_disp_name_Mat.125_disp_name_Mat","49","16","1","1","0.000000","0","151"
"/Game/DIsp_Name/Textures/076_disp_name_Mat.076_disp_name_Mat","49","16","1","1","0.000000","0","151"
"/Game/DIsp_Name/Textures/092_disp_name_Mat.092_disp_name_Mat","49","16","1","1","0.000000","0","151"
"/Game/DIsp_Name/Textures/123_disp_name_Mat.123_disp_name_Mat","49","16","1","1","0.000000","0","151"
"/Game/Materials/zazem/??????????_??????_Mat.??????????_??????_Mat","49","49","1","1","205.994232","0","1298"
"/Game/DIsp_Name/Textures/131_disp_name_Mat.131_disp_name_Mat","49","16","1","1","0.000000","0","151"
"/Game/DIsp_Name/Textures/128_disp_name_Mat.128_disp_name_Mat","49","16","1","1","0.000000","0","151"
"/Game/OP_Dop/KRUN/Materials/M_KRUN_TABL_??????_????????.M_KRUN_TABL_??????_????????","49","16","1","1","0.000000","0","151"
"/Game/DIsp_Name/Textures/005_disp_name_Mat.005_disp_name_Mat","49","16","1","1","0.000000","0","151"
"/Game/DIsp_Name/Textures/129_disp_name_Mat.129_disp_name_Mat","49","16","1","1","0.000000","0","151"
"/Game/DIsp_Name/Textures/108_disp_name_Mat.108_disp_name_Mat","49","16","1","1","0.000000","0","151"
"/Game/DIsp_Name/Textures/041_disp_name_Mat.041_disp_name_Mat","49","16","1","1","0.000000","0","151"
"/Game/UltraDynamicSky/Materials/Overcast_Turbulence.Overcast_Turbulence","49","11","2","1","15.723922","0","87"
"/Game/DIsp_Name/Textures/055_disp_name_Mat.055_disp_name_Mat","49","16","1","1","0.000000","0","151"
"/Game/UltraDynamicSky/Materials/Volumetric_Aurora.Volumetric_Aurora","49","55","2","1","115.269516","0","1592"
"/Game/UltraDynamicSky/Materials/Weather/Wind_Debris.Wind_Debris","49","44","1","1","73.468430","0","1030"
"/Game/DIsp_Name/Textures/007_disp_name_Mat.007_disp_name_Mat","49","16","1","1","0.000000","0","151"
"/Game/DIsp_Name/Textures/110_disp_name_Mat.110_disp_name_Mat","49","16","1","1","0.000000","0","151"
"/Game/Materials/fency/Fencing_Net/Fencing_Net-opacity_Mat.Fencing_Net-opacity_Mat","49","49","51","1","252.345459","0","59"
"/Game/Materials/Metal/Metal_Notch.Metal_Notch","49","49","1","1","196.028534","0","1280"
"/Game/Materials/Metal/Metal_Notch1.Metal_Notch1","49","49","3","1","205.959595","0","1338"
"/Game/DIsp_Name/Textures/012_disp_name_Mat.012_disp_name_Mat","49","16","1","1","0.000000","0","151"
"/Game/DIsp_Name/Textures/040_disp_name_Mat.040_disp_name_Mat","49","16","1","1","0.000000","0","151"
"/Game/DIsp_Name/Textures/028_disp_name_Mat.028_disp_name_Mat","49","16","1","1","0.000000","0","151"
"/Game/DIsp_Name/Textures/109_disp_name_Mat.109_disp_name_Mat","49","16","1","1","0.000000","0","151"
"/Game/Materials/NonMetal/Isolator_Porcelain_Brown.Isolator_Porcelain_Brown","49","31","1","1","186.936722","0","534"
"/Game/DIsp_Name/Textures/083_disp_name_Mat.083_disp_name_Mat","49","16","1","1","0.000000","0","151"
"/Game/DIsp_Name/Textures/044_disp_name_Mat.044_disp_name_Mat","49","16","1","1","0.000000","0","151"
"/Game/DIsp_Name/Textures/002_disp_name_Mat.002_disp_name_Mat","49","16","1","1","0.000000","0","151"
"/Game/DIsp_Name/Textures/090_disp_name_Mat.090_disp_name_Mat","49","16","1","1","0.000000","0","151"
"/Game/DIsp_Name/Textures/087_disp_name_Mat.087_disp_name_Mat","49","16","1","1","0.000000","0","151"
"/Game/DIsp_Name/Textures/063_disp_name_Mat.063_disp_name_Mat","49","16","1","1","0.000000","0","151"
"/Game/DIsp_Name/Textures/054_disp_name_Mat.054_disp_name_Mat","49","16","1","1","0.000000","0","151"
"/Game/DIsp_Name/Textures/115_disp_name_Mat.115_disp_name_Mat","49","16","1","1","0.000000","0","151"
"/Game/DIsp_Name/Textures/061_disp_name_Mat.061_disp_name_Mat","49","16","1","1","0.000000","0","151"
"/Game/DIsp_Name/Textures/052_disp_name_Mat.052_disp_name_Mat","49","16","1","1","0.000000","0","151"
"/Game/DIsp_Name/Textures/049_disp_name_Mat.049_disp_name_Mat","49","16","1","1","0.000000","0","151"
"/Game/DIsp_Name/Textures/056_disp_name_Mat.056_disp_name_Mat","49","16","1","1","0.000000","0","151"
"/Game/DIsp_Name/Textures/060_disp_name_Mat.060_disp_name_Mat","49","16","1","1","0.000000","0","151"
"/Game/cupboard/RAS/808_2_Mat.808_2_Mat","49","16","1","1","103.419586","0","151"
"/Game/DIsp_Name/Textures/113_disp_name_Mat.113_disp_name_Mat","49","16","1","1","0.000000","0","151"
"/Game/DIsp_Name/Textures/001_disp_name_Mat.001_disp_name_Mat","49","16","1","1","0.000000","0","151"
"/Game/DIsp_Name/Textures/035_disp_name_Mat.035_disp_name_Mat","49","16","1","1","0.000000","0","151"
"/Game/DIsp_Name/Textures/080_disp_name_Mat.080_disp_name_Mat","49","16","1","1","0.000000","0","151"
"/Game/DIsp_Name/Textures/050_disp_name_Mat.050_disp_name_Mat","49","16","1","1","0.000000","0","151"
"/Game/DIsp_Name/Textures/003_disp_name_Mat.003_disp_name_Mat","49","16","1","1","0.000000","0","151"
"/Game/Materials/NonMetal/Isolator_Porcelain_Gray.Isolator_Porcelain_Gray","49","40","1","1","260.497223","0","859"
"/Game/Materials/Metal/Alumin.Alumin","49","16","1","1","90.772621","0","151"
"/Game/Materials/NonMetal/Isolator_Porcelain_White.Isolator_Porcelain_White","49","28","1","1","0.000000","0","427"
"/Game/Materials/Metal/Clear_Metal.Clear_Metal","49","40","2","1","167.339859","0","857"
"/Game/Materials/NonMetal/Metal_Copper.Metal_Copper","49","40","2","1","0.000000","0","857"
"/Game/Materials/RalMats/RAL_NEW/RAL_3020.RAL_3020","49","16","1","1","0.000000","0","151"
"/Game/Materials/RalMats/RAL_NEW/RAL_9011.RAL_9011","49","16","1","1","0.000000","0","151"
"/Game/Materials/RalMats/RAL_NEW/RAL_9003.RAL_9003","49","28","1","1","0.000000","0","433"
"/Game/Materials/RalMats/RAL_NEW/RAL_6024.RAL_6024","49","16","1","1","0.000000","0","151"
"/Game/Materials/RalMats/RAL_NEW/RAL_7036.RAL_7036","49","16","1","1","0.000000","0","151"
"/Game/Materials/RalMats/RAL_NEW/RAL_1021.RAL_1021","49","16","1","1","0.000000","0","151"
"/Game/OP_Dop/KRUN/Materials/M_KRUN_ON.M_KRUN_ON","49","16","1","1","0.000000","0","151"
"/Game/OP_Dop/KRUN/Materials/M_KRUN_TABL_??????_?????.M_KRUN_TABL_??????_?????","49","16","1","1","0.000000","0","151"
"/Game/DIsp_Name/Textures/042_disp_name_Mat.042_disp_name_Mat","49","16","1","1","0.000000","0","151"
"/Game/DIsp_Name/Textures/075_disp_name_Mat.075_disp_name_Mat","49","16","1","1","0.000000","0","151"
"/Game/DIsp_Name/Textures/057_disp_name_Mat.057_disp_name_Mat","49","16","1","1","0.000000","0","151"
"/Game/DIsp_Name/Textures/095_disp_name_Mat.095_disp_name_Mat","49","16","1","1","0.000000","0","151"
"/Game/DIsp_Name/Textures/048_disp_name_Mat.048_disp_name_Mat","49","16","1","1","0.000000","0","151"
"/Game/DIsp_Name/Textures/020_disp_name_Mat.020_disp_name_Mat","49","16","1","1","0.000000","0","151"
"/Game/DIsp_Name/Textures/025_disp_name_Mat.025_disp_name_Mat","49","16","1","1","0.000000","0","151"
"/Game/DIsp_Name/Textures/100_disp_name_Mat.100_disp_name_Mat","49","16","1","1","0.000000","0","151"
"/Game/DIsp_Name/Textures/068_disp_name_Mat.068_disp_name_Mat","49","16","1","1","0.000000","0","151"
"/Game/DIsp_Name/Textures/084_disp_name_Mat.084_disp_name_Mat","49","16","1","1","0.000000","0","151"
"/Game/DIsp_Name/Textures/106_disp_name_Mat.106_disp_name_Mat","49","16","1","1","0.000000","0","151"
"/Game/DIsp_Name/Textures/121_disp_name_Mat.121_disp_name_Mat","49","16","1","1","0.000000","0","151"
"/Game/DIsp_Name/Textures/086_disp_name_Mat.086_disp_name_Mat","49","16","1","1","0.000000","0","151"
"/Game/DIsp_Name/Textures/091_disp_name_Mat.091_disp_name_Mat","49","16","1","1","0.000000","0","151"
"/Game/DIsp_Name/Textures/026_disp_name_Mat.026_disp_name_Mat","49","16","1","1","0.000000","0","151"
"/Game/DIsp_Name/Textures/097_disp_name_Mat.097_disp_name_Mat","49","16","1","1","0.000000","0","151"
"/Game/DIsp_Name/Textures/071_disp_name_Mat.071_disp_name_Mat","49","16","1","1","0.000000","0","151"
"/Game/DIsp_Name/Textures/058_disp_name_Mat.058_disp_name_Mat","49","16","1","1","0.000000","0","151"
"/Game/DIsp_Name/Textures/039_disp_name_Mat.039_disp_name_Mat","49","16","1","1","0.000000","0","151"
"/Game/OP_Dop/KRUN/Materials/M_KRUN_OFF.M_KRUN_OFF","49","16","1","1","0.000000","0","151"
"/Game/DIsp_Name/Textures/065_disp_name_Mat.065_disp_name_Mat","49","16","1","1","0.000000","0","151"
"/Game/DIsp_Name/Textures/077_disp_name_Mat.077_disp_name_Mat","49","16","1","1","0.000000","0","151"
"/Game/DIsp_Name/Textures/013_disp_name_Mat.013_disp_name_Mat","49","16","1","1","0.000000","0","151"
"/Game/DIsp_Name/Textures/120_disp_name_Mat.120_disp_name_Mat","49","16","1","1","0.000000","0","151"
"/Game/DIsp_Name/Textures/021_disp_name_Mat.021_disp_name_Mat","49","16","1","1","0.000000","0","151"
"/Game/DIsp_Name/Textures/032_disp_name_Mat.032_disp_name_Mat","49","16","1","1","0.000000","0","151"
"/Game/DIsp_Name/Textures/096_disp_name_Mat.096_disp_name_Mat","49","16","1","1","0.000000","0","151"
"/Game/DIsp_Name/Textures/072_disp_name_Mat.072_disp_name_Mat","49","16","1","1","0.000000","0","151"
"/Game/DIsp_Name/Textures/008_disp_name_Mat.008_disp_name_Mat","49","16","1","1","0.000000","0","151"
"/Game/DIsp_Name/Textures/017_disp_name_Mat.017_disp_name_Mat","49","16","1","1","0.000000","0","151"
"/Game/DIsp_Name/Textures/047_disp_name_Mat.047_disp_name_Mat","49","16","1","1","0.000000","0","151"
"/Game/DIsp_Name/Textures/094_disp_name_Mat.094_disp_name_Mat","49","16","1","1","0.000000","0","151"
"/Game/DIsp_Name/Textures/024_disp_name_Mat.024_disp_name_Mat","49","16","1","1","0.000000","0","151"
"/Game/DIsp_Name/Textures/126_disp_name_Mat.126_disp_name_Mat","49","16","1","1","0.000000","0","151"
"/Game/DIsp_Name/Textures/111_disp_name_Mat.111_disp_name_Mat","49","16","1","1","0.000000","0","151"
"/Game/DIsp_Name/Textures/104_disp_name_Mat.104_disp_name_Mat","49","16","1","1","0.000000","0","151"
"/Game/DIsp_Name/Textures/016_disp_name_Mat.016_disp_name_Mat","49","16","1","1","0.000000","0","151"
"/Game/DIsp_Name/Textures/099_disp_name_Mat.099_disp_name_Mat","49","16","1","1","0.000000","0","151"
"/Game/DIsp_Name/Textures/112_disp_name_Mat.112_disp_name_Mat","49","16","1","1","0.000000","0","151"
"/Game/DIsp_Name/Textures/074_disp_name_Mat.074_disp_name_Mat","49","16","1","1","0.000000","0","151"
"/Game/DIsp_Name/Textures/011_disp_name_Mat.011_disp_name_Mat","49","16","1","1","0.000000","0","151"
"/Game/DIsp_Name/Textures/127_disp_name_Mat.127_disp_name_Mat","49","16","1","1","0.000000","0","151"
"/Game/DIsp_Name/Textures/046_disp_name_Mat.046_disp_name_Mat","49","16","1","1","0.000000","0","151"
"/Game/DIsp_Name/Textures/033_disp_name_Mat.033_disp_name_Mat","49","16","1","1","0.000000","0","151"
"/Game/DIsp_Name/Textures/122_disp_name_Mat.122_disp_name_Mat","49","16","1","1","0.000000","0","151"
"/Game/DIsp_Name/Textures/079_disp_name_Mat.079_disp_name_Mat","49","16","1","1","0.000000","0","151"
"/Game/DIsp_Name/Textures/102_disp_name_Mat.102_disp_name_Mat","49","16","1","1","0.000000","0","151"
"/Game/DIsp_Name/Textures/130_disp_name_Mat.130_disp_name_Mat","49","16","1","1","0.000000","0","151"
"/Game/DIsp_Name/Textures/089_disp_name_Mat.089_disp_name_Mat","49","16","1","1","0.000000","0","151"
"/Game/DIsp_Name/Textures/107_disp_name_Mat.107_disp_name_Mat","49","16","1","1","0.000000","0","151"
"/Game/DIsp_Name/Textures/018_disp_name_Mat.018_disp_name_Mat","49","16","1","1","0.000000","0","151"
"/Game/DIsp_Name/Textures/051_disp_name_Mat.051_disp_name_Mat","49","16","1","1","0.000000","0","151"
"/Game/DIsp_Name/Textures/062_disp_name_Mat.062_disp_name_Mat","49","16","1","1","0.000000","0","151"
"/Game/StaticObject/02_OPU/Cupboard/Server/???????_Mat.???????_Mat","49","28","2","1","80.276115","0","431"
"/Game/BP/SkyPanorama/????????__winter.????????__winter","49","33","1","1","111.723923","0","627"
"/Game/DIsp_Name/Textures/064_disp_name_Mat.064_disp_name_Mat","49","16","1","1","0.000000","0","151"
"/Game/DIsp_Name/Textures/006_disp_name_Mat.006_disp_name_Mat","49","16","1","1","0.000000","0","151"
"/Game/DIsp_Name/Textures/119_disp_name_Mat.119_disp_name_Mat","49","16","1","1","0.000000","0","151"
"/Game/DIsp_Name/Textures/027_disp_name_Mat.027_disp_name_Mat","49","16","1","1","0.000000","0","151"
"/Game/DIsp_Name/Textures/045_disp_name_Mat.045_disp_name_Mat","49","16","1","1","0.000000","0","151"
"/Game/DIsp_Name/Textures/066_disp_name_Mat.066_disp_name_Mat","49","16","1","1","0.000000","0","151"
"/Game/DIsp_Name/Textures/117_disp_name_Mat.117_disp_name_Mat","49","16","1","1","0.000000","0","151"
"/Game/DIsp_Name/Textures/043_disp_name_Mat.043_disp_name_Mat","49","16","1","1","0.000000","0","151"
"/Game/DIsp_Name/Textures/014_disp_name_Mat.014_disp_name_Mat","49","16","1","1","0.000000","0","151"
"/Game/DIsp_Name/Textures/009_disp_name_Mat.009_disp_name_Mat","49","16","1","1","0.000000","0","151"
"/Game/DIsp_Name/Textures/081_disp_name_Mat.081_disp_name_Mat","49","16","1","1","0.000000","0","151"
"/Game/DIsp_Name/Textures/010_disp_name_Mat.010_disp_name_Mat","49","16","1","1","0.000000","0","151"
"/Game/Materials/fency/Fencing_NetOLD/Fencing_Net-opacity_Mat.Fencing_Net-opacity_Mat","49","49","1","1","193.482162","0","1339"
"/Game/Materials/NonMetal/Ground_Rubble1.Ground_Rubble1","49","28","1","1","172.305206","0","433"
"/Game/BP/SkyPanorama/????????__Mat.????????__Mat","49","33","1","1","116.792732","0","647"
"/Game/DIsp_Name/Textures/114_disp_name_Mat.114_disp_name_Mat","49","16","1","1","0.000000","0","151"
"/Game/DIsp_Name/Textures/031_disp_name_Mat.031_disp_name_Mat","49","16","1","1","0.000000","0","151"
"/Game/Materials/Hand/LeftHand/HandLeft.HandLeft","49","28","1","1","189.414001","0","411"
"/Game/BP/cupboard/Props/?_Bresler_297x221mm_Mat_V2.?_Bresler_297x221mm_Mat_V2","49","16","1","1","0.000000","0","151"
"/Game/MyContent/Hand/Material/M_Gloves_R.M_Gloves_R","49","34","1","1","196.665054","0","643"
"/Game/BP/cupboard/Props/?_Bresler_297x221mm_Mat.?_Bresler_297x221mm_Mat","49","16","1","1","0.000000","0","151"
"/Game/cupboard/RAS/?????????????_Mat.?????????????_Mat","49","16","1","1","0.000000","0","151"
"/Game/Materials/Logo/??????_???_Mat.??????_???_Mat","49","16","1","1","0.000000","0","151"
"/Game/Materials/FloorIntheBuilding/FloorBuilding.FloorBuilding","49","46","1","1","196.105164","0","1138"
"/Game/Materials/FloorIntheBuilding/FloorBuilding1.FloorBuilding1","49","46","1","1","0.000000","0","1138"
"/Game/BP/cupboard/Schemes/4Y.4Y","49","33","1","1","109.973770","0","612"
"/Game/UltraDynamicSky/Materials/Weather/Projection_Box_Height.Projection_Box_Height","49","20","1","1","23.557016","0","255"
"/Game/UltraDynamicSky/Materials/Weather/DLWE_Brush.DLWE_Brush","49","18","3","3","25.587990","0","78"
"/Game/UltraDynamicSky/Materials/Weather/Draw_Texture_Mat.Draw_Texture_Mat","49","5","1","1","8.469423","0","19"
"/Game/Materials/Logo/????????_???_Mat.????????_???_Mat","49","16","1","1","0.000000","0","151"
"/Game/Materials/Hand/RightHand/HandRight.HandRight","49","28","1","1","0.000000","0","411"
"/Game/DIsp_Name/Textures/053_disp_name_Mat.053_disp_name_Mat","49","16","1","1","0.000000","0","151"
"/Game/BP/cupboard/Props/M_Bresler_OL_297x221mm.M_Bresler_OL_297x221mm","49","16","1","1","0.000000","0","151"
"/Game/cupboard/Materials/Bresler.Bresler","49","16","1","1","0.000000","0","151"
"/Game/cupboard/Cupboar_Element/DIN_?????_material.DIN_?????_material","49","52","1","1","380.416199","0","1429"
"/Game/BP/Door1264/SHPT1_Mat.SHPT1_Mat","49","22","1","1","0.000000","0","274"
"/Game/DIsp_Name/Textures/036_disp_name_Mat.036_disp_name_Mat","49","16","1","1","0.000000","0","151"
"/Game/Materials/Logo/OPU/??????_???_Mat.??????_???_Mat","49","16","1","1","0.000000","0","151"
"/Game/cupboard/Voltage/VoltImage.VoltImage","49","33","1","1","0.000000","0","614"
"/Game/UltraDynamicSky/Materials/Weather/Stuck_Snow_Decal_Mat.Stuck_Snow_Decal_Mat","49","50","1","1","73.374008","0","1317"
"/Game/UltraDynamicSky/Materials/Weather/Rain_Spot_Decal.Rain_Spot_Decal","49","62","2","1","133.737488","0","2027"
"/Game/OP_Dop/BP/ZRU_SWITCH/M_mA_Digital.M_mA_Digital","49","16","1","1","0.000000","0","151"
"/Game/Materials/Logo/OPU/????????_???_Mat.????????_???_Mat","49","16","1","1","0.000000","0","151"
"/Game/BP/Door1264/SHPT3_Mat.SHPT3_Mat","49","22","1","1","0.000000","0","274"
"/Game/GDXR_VR_Template/DemoContent/ExampleContent/Materials/M_Battery.M_Battery","49","28","1","1","171.967636","0","426"
"/Game/OP_Dop/BP/ZRU_SWITCH/New/M_AMetr_PZ195U.M_AMetr_PZ195U","49","16","1","1","0.000000","0","151"
"/Game/StaticObject/DopObject/Interior/Phone/uvrap_ekran_Mat.uvrap_ekran_Mat","49","28","2","1","0.000000","0","431"
"/Game/BP/cupboard/Materials/SV_texture_Mat.SV_texture_Mat","49","22","1","1","0.000000","0","274"
"/Game/BP/cupboard/Schemes/5Y.5Y","49","33","1","1","0.000000","0","612"
"/Game/StaticObject/16_toilet/Toilet_Top.Toilet_Top","49","28","1","1","181.592422","0","433"
"/Game/BP/cupboard/Schemes/1Y.1Y","49","33","1","1","0.000000","0","612"
"/Game/BP/cupboard/Materials/Conductor.Conductor","49","16","1","1","0.000000","0","151"
"/Game/StaticObject/16_toilet/Door_Hang.Door_Hang","49","28","1","1","0.000000","0","433"
"/Game/BP/cupboard/Materials/Conductor_Emission.Conductor_Emission","49","16","1","1","89.776939","0","151"
"/Game/cupboard/Schemes/2Y.2Y","49","33","1","1","0.000000","0","612"
"/Game/cupboard/Cupboar_Element/Perf_Cable/perf_Mat.perf_Mat","49","33","2","1","119.655815","0","646"
"/Game/BP/Door1264/AB_Mat.AB_Mat","49","22","1","1","0.000000","0","274"
"/Game/StaticObject/18_Cable/profiled_sheet.profiled_sheet","49","28","4","1","167.253815","0","419"
"/Game/BP/Door1264/SHPT2_Mat.SHPT2_Mat","49","22","1","1","0.000000","0","274"
"/Game/OP_Dop/BP/ZRU_SWITCH/New/M_VMetr_PZ195U.M_VMetr_PZ195U","49","16","1","1","0.000000","0","151"
"/Game/StaticObject/16_toilet/Toilet_Door.Toilet_Door","49","28","1","1","0.000000","0","433"
"/Game/BP/cupboard/Schemes/3Y.3Y","49","33","2","1","113.513382","0","617"
"/Game/Materials/Logo/OPU/?????????_??_?????_OPU_Mat.?????????_??_?????_OPU_Mat","49","22","1","1","0.000000","0","274"
"/Game/DIsp_Name/Textures/015_disp_name_Mat.015_disp_name_Mat","49","16","1","1","0.000000","0","151"
"/Game/Materials/Logo/?????????_??_?????_Mat.?????????_??_?????_Mat","49","22","1","1","0.000000","0","274"
"/Game/UltraDynamicSky/Materials/Lens_Flare.Lens_Flare","49","12","2","2","25.356850","12","105"
"/Game/UltraDynamicSky/Materials/2D_Cloud_Shadows.2D_Cloud_Shadows","49","56","10","2","61.214645","0","634"
"/Game/UltraDynamicSky/Materials/Weather/Rain_ParticleMat.Rain_ParticleMat","49","56","10","1","278.643677","112","3749"
"/Game/UltraDynamicSky/Materials/Weather/LightningFlare_ParticleMat.LightningFlare_ParticleMat","49","22","13","1","104.999557","44","447"
"/Game/GDXR_VR_Template/DemoContent/LevelPrototyping/Materials/M_PrototypeGrid.M_PrototypeGrid","49","56","29","2","345.753662","0","475"
"","49","1","0","1","0.000000","21","0"
"/Game/UltraDynamicSky/Materials/Volumetric_Clouds.Volumetric_Clouds","49","284","16","4","2450.788086","852","20855"
"/Game/GDXR_VR_Template/DemoContent/ControlRig/Characters/Mannequins/Materials/M_Mannequin.M_Mannequin","49","60","5","2","377.480042","0","916"
"/Game/UltraDynamicSky/Materials/Weather/Rainbow_Mat.Rainbow_Mat","49","22","3","2","54.075203","22","255"
"/Game/UltraDynamicSky/Materials/Volumetric_Cloud_Shadows.Volumetric_Cloud_Shadows","49","56","2","2","126.385132","56","1429"
"/Game/Materials/NonMetal/Road_Slab_1_snow.Road_Slab_1_snow","49","28","1","1","182.795471","0","329"
"/Game/Materials/NonMetal/Concrete_Area1.Concrete_Area1","49","28","1","1","181.950302","0","95"
"/Interchange/gltf/M_SpecularGlossiness.M_SpecularGlossiness","49","147","8","6","736.547729","0","2082"
"/Game/UltraDynamicSky/Materials/Space/Space_Planet_Mat.Space_Planet_Mat","49","264","35","8","563.251953","0","4001"
"/Game/Materials/POM_Materials/Snow.Snow","49","28","3","1","177.902115","28","474"
"/Game/Materials/POM_Materials/Snow_env.Snow_env","49","28","3","1","0.000000","28","474"
"/Interchange/gltf/M_Sheen.M_Sheen","49","147","19","6","751.380005","0","1901"
"/Game/UltraDynamicSky/Materials/Ultra_Dynamic_Sky_Mat.Ultra_Dynamic_Sky_Mat","49","170","63","34","1353.731689","530","2216"
"/Interchange/gltf/M_Transmission.M_Transmission","49","50","4","2","317.326630","0","581"
"/Game/StaticObject/16_toilet/Toilet_Blue.Toilet_Blue","49","28","4","1","0.000000","0","424"
"/Game/BP/Not_Include/Material_014.Material_014","49","16","1","1","0.000000","0","151"
"/Game/OP_Dop/Schem_OPU/M_Schem_OPU.M_Schem_OPU","49","16","1","1","0.000000","0","151"
"/Game/TrainingRoom/MainGuiControllerPic_Mat.MainGuiControllerPic_Mat","49","49","5","1","197.588882","0","1196"
"/Game/UltraDynamicSky/Materials/Weather/Lightning_Glow.Lightning_Glow","49","22","2","1","71.133057","22","517"
"/Game/UltraDynamicSky/Materials/Global_Volumetric_Fog.Global_Volumetric_Fog","49","108","2","2","745.414062","324","7122"
"/Game/UltraDynamicSky/Materials/Weather/LightningBolt_ParticleMat.LightningBolt_ParticleMat","49","18","1","1","53.194103","18","305"
"/Game/GDXR_VR_Template/Materials/GridMaterials/M_GridRotation.M_GridRotation","49","28","3","1","169.296326","0","325"
"/Interchange/Materials/ClearCoatMaterial_MR.ClearCoatMaterial_MR","49","16","2","1","95.989708","0","86"
"/Game/MyContent/Hand/Material/M_Gloves.M_Gloves","49","34","4","1","0.000000","0","634"
"/Game/Materials/Hand/Gloves/Gloves_Mat.Gloves_Mat","49","28","1","1","0.000000","0","411"
"/Game/OP_Dop/BP/Materials/T_AVMeter.T_AVMeter","49","16","2","1","0.000000","0","149"
"/Game/GDXR_VR_Template/VRSpectator/Material.Material","49","5","1","1","7.686858","0","19"
"/Game/cupboard/Materials/Material_009.Material_009","49","16","3","1","94.570923","0","93"
"/Game/BP/cupboard/Materials/RPN1.RPN1","49","16","2","1","0.000000","0","149"
"/Game/cupboard/ZRU_650/650_OL/TextureDoorUP_Front_Mat.TextureDoorUP_Front_Mat","49","16","2","1","0.000000","0","149"
"/Game/UltraDynamicSky/Materials/Weather/Lightning_Light_Rays_Card.Lightning_Light_Rays_Card","49","12","4","1","20.253565","0","62"
"/Game/BP/cupboard/Schemes/1Y_Scheme.1Y_Scheme","49","16","2","1","0.000000","0","149"
"/Game/OP_Dop/KRUN/Materials/????????_????-6_125?287??_Mat.????????_????-6_125?287??_Mat","49","22","2","1","0.000000","0","272"
"/Game/VRE/Core/Character/LaserBeamSplineGreen.LaserBeamSplineGreen","49","21","2","1","25.929646","0","242"
"/Game/OP_Dop/KRUN/Materials/M_High_Voltage.M_High_Voltage","49","22","2","1","0.000000","0","272"
"/Game/cupboard/Cupboar_Element/SET-4TM.SET-4TM","49","16","1","1","0.000000","0","151"
"/Game/Materials/NonMetal/Ground_Gravel_snow.Ground_Gravel_snow","49","28","2","1","179.450226","0","386"
"/Game/UltraDynamicSky/Materials/Weather/Dust_ParticleMat.Dust_ParticleMat","49","24","7","2","80.189438","48","335"
"/Game/OP_Dop/BP/ZRU_SWITCH/M_kV_Digital.M_kV_Digital","49","16","2","1","0.000000","0","149"
"/Game/BP/cupboard/Props/meter-regulator1.meter-regulator1","49","16","1","1","95.746063","0","58"
"/Game/BP/cupboard/Props/M_Bresler_297x297mm.M_Bresler_297x297mm","49","16","2","1","0.000000","0","149"
"/Game/StaticObject/Gloves/glove_DefaultMaterial_BaseColor_Mat.glove_DefaultMaterial_BaseColor_Mat","49","19","2","1","96.473358","0","159"
"/Game/BP/cupboard/Props/M_Bresler_297x521mm.M_Bresler_297x521mm","49","16","2","1","0.000000","0","149"
"/Game/BP/cupboard/Props/M_Bresler_297x417mm.M_Bresler_297x417mm","49","16","2","1","0.000000","0","149"
"/Game/cupboard/RAS/????????_?????????.????????_?????????","49","16","2","1","0.000000","0","149"
"/Engine/MapTemplates/Sky/M_Procedural_Sky_MASTER02.M_Procedural_Sky_MASTER02","49","28","1","1","170.813934","0","433"
"/Niagara/DefaultAssets/M_NiagaraUVDebug.M_NiagaraUVDebug","49","31","3","1","46.271717","0","561"
"/Game/OP_Dop/KRUN/Materials/??????_VF12_600x1000??_Mat.??????_VF12_600x1000??_Mat","49","22","1","1","54.584854","0","274"
"/Game/GDXR_VR_Template/DemoContent/LyraWeapons/Generic/Materials/M_Weapon.M_Weapon","49","39","1","1","304.866180","0","818"
"/Game/UltraDynamicSky/Materials/Space/Space_Planet_Glow_Mat.Space_Planet_Glow_Mat","49","26","5","1","56.161476","0","362"
"/Interchange/Materials/LambertSurfaceMaterial.LambertSurfaceMaterial","49","16","1","1","96.692879","0","151"
"/Interchange/Materials/OrenNayerMaterial.OrenNayerMaterial","49","17","1","1","111.990662","0","185"
"/Engine/EngineSky/VolumetricClouds/m_SimpleVolumetricCloud.m_SimpleVolumetricCloud","49","71","6","1","196.332275","0","2493"
"/Interchange/gltf/M_ClearCoat.M_ClearCoat","49","147","11","6","779.104187","0","2090"
"/Game/UltraDynamicSky/Materials/Weather/Post_Process_Wind_Fog.Post_Process_Wind_Fog","49","6","1","1","15.228282","18","75"
"/Game/UltraDynamicSky/Materials/Weather/Fog_ParticleMat.Fog_ParticleMat","49","54","1","1","237.683258","108","2674"
"/Game/VR_Inventorys/Slot_Materials/M_HLA_InventorySlot.M_HLA_InventorySlot","49","44","1","1","101.028992","0","1011"
"/Game/VR_Inventorys/Slot_Materials/M_HLA_InventorySlotRed.M_HLA_InventorySlotRed","49","44","1","1","0.000000","0","1011"
"/Game/UltraDynamicSky/Materials/Weather/Snow_ParticleMat.Snow_ParticleMat","49","56","1","1","181.498016","112","2764"
"/Game/GDXR_VR_Template/DemoContent/FPWeapon/Materials/M_FPGun.M_FPGun","49","76","1","1","296.524261","0","2997"
"/Game/VRE/Core/Character/LaserBeamSplineMat.LaserBeamSplineMat","49","21","6","1","0.000000","0","224"
"/Interchange/Materials/ThinTranslucentMaterial_SG.ThinTranslucentMaterial_SG","49","22","1","1","150.514252","0","272"
"/Game/GDXR_VR_Template/Materials/M_TeleportCylinder.M_TeleportCylinder","49","23","1","1","32.182701","0","298"
"/Game/GDXR_VR_Template/Materials/M_TeleportNoise.M_TeleportNoise","49","17","1","1","27.060507","0","169"
"/Game/UltraDynamicSky/Materials/Weather/Heat_Distortion.Heat_Distortion","49","6","1","1","8.731369","0","26"
"/Game/UltraDynamicSky/Materials/Weather/Screen_Droplets.Screen_Droplets","49","6","1","1","17.807007","12","57"
"/Interchange/Materials/SheenMaterial_SG.SheenMaterial_SG","49","16","1","1","93.243752","0","151"
"/Interchange/Materials/ClearCoatMaterial_SG.ClearCoatMaterial_SG","49","16","1","1","100.228745","0","144"
"/Interchange/Materials/PBRSurfaceMaterial_SG.PBRSurfaceMaterial_SG","49","16","1","1","97.111633","0","151"
"/Interchange/Materials/SubsurfaceMaterial_SG.SubsurfaceMaterial_SG","49","16","1","1","96.193962","0","151"
"/Interchange/Materials/ThinTranslucentMaterial_MR.ThinTranslucentMaterial_MR","49","22","1","1","154.409332","0","256"
"/Interchange/Materials/SubsurfaceMaterial_MR.SubsurfaceMaterial_MR","49","16","1","1","98.879654","0","151"
"/Interchange/Materials/SheenMaterial_MR.SheenMaterial_MR","49","16","1","1","100.983780","0","149"
"/Game/Materials/POM_Materials/Grass.Grass","49","28","2","1","183.647156","28","483"
"/Game/GDXR_VR_Template/Materials/M_GrabFromDistance.M_GrabFromDistance","49","22","6","1","54.931667","0","239"
"/Game/UltraDynamicSky/Materials/Cloud_Fog_PostProcess.Cloud_Fog_PostProcess","49","6","1","1","24.533628","18","65"
"/Game/UltraDynamicSky/Materials/Inside_Clouds_Fog_Particle.Inside_Clouds_Fog_Particle","49","142","3","1","1113.771606","426","23723"
"/Game/UltraDynamicSky/Materials/Weather/Splash_Droplet_Particle_Translucent.Splash_Droplet_Particle_Translucent","49","44","1","1","72.750359","0","1033"
"/Game/GDXR_VR_Template/Materials/ParticleMaterials/M_MuzzleFlash.M_MuzzleFlash","49","15","1","1","22.691935","0","134"
"/Game/UltraDynamicSky/Materials/VolumetricCloud_LightRay.VolumetricCloud_LightRay","49","22","1","1","93.199707","22","478"
"/Game/UltraDynamicSky/Materials/Material_Instances/Water_Caustics_LightFunction.Water_Caustics_LightFunction","49","28","1","1","31.180536","0","408"
"/Interchange/gltf/M_Default.M_Default","49","147","10","6","725.976746","0","2148"
"/Game/UltraDynamicSky/Materials/Weather/Lightning_Rainfall_Particle.Lightning_Rainfall_Particle","49","22","7","1","102.615189","44","547"
"/Game/UltraDynamicSky/Materials/Weather/Splash_ParticleMat.Splash_ParticleMat","49","62","3","1","93.860229","0","1944"
"/Game/UltraDynamicSky/Materials/Weather/Splash_ParticleMat_Translucent.Splash_ParticleMat_Translucent","49","56","10","1","85.426537","0","916"
"/DatasmithContent/Materials/FBXImporter/VRED/MetallicCarpaint.MetallicCarpaint","49","16","1","1","94.247978","0","148"
"/Game/UltraDynamicSky/Materials/Weather/Splash_Droplet_Particle.Splash_Droplet_Particle","49","50","2","1","84.505280","0","1245"
"/Interchange/gltf/M_Unlit.M_Unlit","49","67","15","6","85.754410","0","574"
"/SpeedTreeImporter/SpeedTree9/SpeedTreeBillboardMaster.SpeedTreeBillboardMaster","49","66","4","1","252.818283","0","1671"
"/SpeedTreeImporter/SpeedTree9/SpeedTreeMaster.SpeedTreeMaster","49","98","3","1","436.914764","0","3809"
"/Game/Materials/RalMats/RAL_2008.RAL_2008","49","16","4","1","99.833488","0","136"
"/Interchange/Materials/PBRSurfaceMaterial_MR.PBRSurfaceMaterial_MR","49","16","4","1","98.191277","0","142"
"/Game/Materials/RalMats/RAL_1021.RAL_1021","49","28","4","1","76.936211","0","405"
"/Game/Materials/RalMats/RAL_3020.RAL_3020","49","40","4","1","95.798706","0","801"
"/Game/Materials/RalMats/RAL_6024.RAL_6024","49","28","10","1","0.000000","0","364"
"/Game/Materials/RalMats/RAL_7036.RAL_7036","49","40","3","1","250.612930","0","349"
"/Engine/VREditor/SnapGrid/SnapGridMaterial.SnapGridMaterial","49","16","5","1","27.470797","0","79"
"/Engine/VREditor/BasicMeshes/M_Floor_01.M_Floor_01","49","28","1","1","170.802994","0","433"
"/Game/GDXR_VR_Template/Materials/WidgetMaterials/M_GazeSpinner.M_GazeSpinner","49","12","2","1","10.532625","0","87"
"/Game/StaticObject/DopObject/Poster_is_grounded/Zazemleno_Mat.Zazemleno_Mat","49","16","3","1","0.000000","0","146"
"/Game/Materials/RalMats/RAL_9003.RAL_9003","49","40","14","1","0.000000","0","734"
"/Game/Materials/RalMats/RAL_9011.RAL_9011","49","28","8","1","0.000000","0","353"
"/Game/Materials/NonMetal/Concrete_Area_snow.Concrete_Area_snow","49","28","1","1","176.186966","0","431"
"/Game/Materials/NonMetal/Road_Slab.Road_Slab","49","28","4","1","187.620758","0","280"
"/Game/Materials/NonMetal/Concrete_Foundation.Concrete_Foundation","49","28","3","1","177.444611","0","344"
"/Game/StaticObject/VL110/NewFolder/Cable_Ice.Cable_Ice","49","28","6","1","192.412277","0","358"
"/Game/Materials/NonMetal/Road_Slab_1.Road_Slab_1","49","28","1","1","174.906631","0","415"
"/Game/Materials/NonMetal/Ground_Gravel.Ground_Gravel","49","28","4","1","169.013351","0","199"
"/Game/Materials/Cable/GophraCable.GophraCable","49","16","1","1","98.336304","0","145"
"/Game/Materials/RalMats/RAL_2011.RAL_2011","49","16","10","1","0.000000","0","97"
"/Game/GDXR_VR_Template/DemoContent/ControlRig/Characters/Mannequins/Materials/M_Mannequin.M_Mannequin","155","1","0","1","0.000000","0","0"
"/Game/UltraDynamicSky/Materials/Space/Space_Planet_Mat.Space_Planet_Mat","155","1","0","1","0.000000","0","0"
